21 6
22 13
23 15
24 9
25 4
26 26
27 8
28 5
29 9
30 13
31 2
32 7
33 3
34 12
35 2
36 10
37 4
38 56
39 8
40 13
41 6
42 4
43 6
44 7
45 4
46 10
47 1
48 5
49 5
50 5
51 6
52 4
53 5
54 7
55 4
56 7
57 2
58 11
59 4
60 7
61 6
62 4
63 6
64 5
65 2
66 4
67 4
68 2
69 5
70 3
71 19
72 40
73 4
74 7
75 3
76 4
77 6
78 4
79 5
80 2
81 3
82 4
83 6
84 3
85 3
86 2
87 2
88 9
89 8
90 13
91 6
92 7
93 7
94 5
95 3
96 4
97 7
98 2
99 4
101 4
102 3
103 3
104 3
105 4
106 25
107 3
108 3
109 5
110 7
111 5
112 4
113 11
114 5
115 7
116 4
117 16
118 2
119 5
120 7
121 13
122 8
123 4
124 3
125 6
126 4
127 3
128 5
129 6
130 3
131 2
132 5
133 4
134 5
135 8
136 6
137 10
138 8
139 5
140 4
141 6
142 5
143 3
144 5
145 3
146 4
147 2
148 6
149 4
150 1
151 3
152 6
153 4
154 7
155 4
156 4
157 6
158 5
159 2
160 6
161 2
162 4
163 4
164 1
165 6
166 5
167 3
168 3
169 3
170 2
171 3
172 3
173 3
174 3
175 3
176 3
177 5
178 7
179 3
180 2
181 8
182 3
183 4
184 3
185 5
186 2
187 2
188 7
189 4
190 6
191 1
192 4
193 3
194 3
195 4
196 3
197 3
198 1
199 2
200 3
201 4
202 3
203 7
204 3
205 1
206 3
207 4
208 3
209 2
210 2
211 2
214 3
215 2
216 2
217 3
218 2
219 4
220 4
221 3
222 3
223 1
224 2
225 2
226 2
227 2
228 1
229 2
230 1
231 3
232 4
233 1
234 4
235 2
237 2
238 1
239 1
240 1
241 2
243 1
244 1
247 2
248 3
249 4
252 4
253 4
254 1
255 1
256 1
257 1
258 2
259 1
260 1
262 1
264 1
266 1
267 3
268 2
269 3
270 1
276 4
277 2
279 2
281 1
282 1
284 1
286 1
287 1
288 1
290 2
292 1
294 1
295 1
297 1
298 1
304 1
306 1
308 1
310 1
313 2
315 1
318 1
323 1
