#aktiv flaeche dichte
2991	9184.493644	0.325658
725	2062.381853	0.351535
5721	18126.615675	0.315613
453	1129.746956	0.400975
1172	3565.552337	0.328701
10022	35064.879463	0.285813
695	1979.848192	0.351037
6117	19514.949452	0.313452
13083	40963.317887	0.319383
4289	13628.562585	0.314707
3028	10910.031833	0.277543
3586	11192.750157	0.320386
8662	28002.140638	0.309333
9607	32971.295843	0.291375
567	1610.201616	0.352130
383	1001.814116	0.382306
8212	27446.956931	0.299195
3255	10721.769515	0.303588
1563	4895.938005	0.319244
158	455.696349	0.346722
102	260.495057	0.391562
1150	3562.351518	0.322820
779	2321.732729	0.335525
7192	23616.602765	0.304532
4030	13045.191180	0.308926
952	2711.936230	0.351041
4440	13312.252503	0.333527
2876	9397.639821	0.306034
7553	26973.657501	0.280014
5041	17259.617726	0.292069
1584	4552.411354	0.347947
3642	11079.325280	0.328720
2558	9211.431878	0.277698
5329	17534.411143	0.303917
3254	10006.131832	0.325201
3279	10916.526183	0.300370
354	988.315923	0.358185
3134	9528.078523	0.328923
3436	11206.484396	0.306608
2078	6011.661541	0.345662
110	302.148722	0.364059
2123	6469.887236	0.328136
2181	6789.367057	0.321238
7501	22625.825597	0.331524
4195	13755.125806	0.304977
5097	15763.720197	0.323337
4142	13705.701558	0.302210
9196	33504.672031	0.274469
6977	22075.576883	0.316051
7124	23373.492121	0.304790
8125	30320.748484	0.267968
1601	5216.215866	0.306927
2789	8944.067174	0.311827
1040	2874.788548	0.361766
1679	4870.806304	0.344707
7624	25588.733667	0.297944
3716	11903.233586	0.312184
2011	6120.051450	0.328592
1004	3204.547525	0.313305
2087	6440.839876	0.324026
4247	13001.647584	0.326651
743	2353.035196	0.315762
4005	12762.745863	0.313804
9046	27938.066018	0.323788
332	977.757395	0.339553
1677	5552.674452	0.302017
11865	37774.933944	0.314097
1187	3893.204160	0.304890
5295	16993.205333	0.311595
3759	11695.700582	0.321400
2763	8515.524324	0.324466
8705	28671.597359	0.303611
2990	9490.573089	0.315049
4379	12675.376922	0.345473
234	636.550305	0.367606
5023	17584.243504	0.285653
496	1444.449548	0.343383
1708	4871.069718	0.350642
2638	8394.264354	0.314262
1458	4146.577088	0.351615
679	1830.127238	0.371012
6671	21342.801576	0.312564
446	1240.592598	0.359506
211	707.000093	0.298444
4870	15655.439075	0.311074
3830	11415.788158	0.335500
5560	17240.567422	0.322495
2980	8922.833060	0.333975
2078	6142.272466	0.338311
3187	10073.307267	0.316381
10198	33777.171416	0.301920
7277	23449.951276	0.310320
6226	19751.473233	0.315217
1161	3616.522999	0.321027
2328	7476.968309	0.311356
1007	3100.762068	0.324759
4631	15047.221741	0.307764
5877	23718.631132	0.247780
3954	11890.426319	0.332536
1374	3972.951234	0.345839
4517	14878.727410	0.303588
1427	4112.228934	0.347014
118	308.184374	0.382888
2128	6495.871528	0.327593
1130	3681.455601	0.306944
1616	4701.554495	0.343716
151	384.207788	0.393017
1123	3298.042059	0.340505
2307	6885.085832	0.335072
8541	29266.072165	0.291840
6049	18450.899494	0.327843
5640	19056.684488	0.295959
3105	8749.068030	0.354895
5852	17365.103812	0.336998
648	1758.441947	0.368508
2131	6499.777795	0.327857
6576	20645.300677	0.318523
506	1387.690473	0.364635
2892	8846.904625	0.326894
992	3055.743911	0.324635
6672	20600.204159	0.323880
2086	6213.595554	0.335715
2865	8893.818124	0.322134
1042	3076.741289	0.338670
3020	9084.868711	0.332421
4898	15793.009493	0.310137
4007	14085.926729	0.284468
10000	33133.004274	0.301814
5116	15645.938154	0.326986
4376	13545.871969	0.323050
4993	15624.023535	0.319572
2696	8412.257202	0.320485
278	756.686568	0.367391
2216	7024.653308	0.315460
3373	10779.764498	0.312901
5541	17732.359950	0.312480
2899	9431.677713	0.307368
5356	18334.368070	0.292129
3725	11186.343168	0.332995
408	1171.573943	0.348249
498	1358.429402	0.366600
4005	14437.370205	0.277405
553	1717.204120	0.322035
3193	9891.536849	0.322801
6240	19111.487965	0.326505
1691	5414.364076	0.312317
2066	6821.933359	0.302847
842	2485.056042	0.338825
767	2149.347677	0.356852
940	2665.461183	0.352659
7036	22778.414564	0.308889
2435	6746.277853	0.360940
4834	14991.239940	0.322455
6242	21085.752346	0.296029
4436	13648.500926	0.325017
6067	18097.564697	0.335238
2125	6564.129846	0.323729
4512	15376.687716	0.293431
2067	6455.567285	0.320189
3144	9382.866876	0.335079
7711	25170.035768	0.306356
4214	12818.576261	0.328742
1969	5701.802607	0.345329
1621	5442.348902	0.297849
374	1069.273778	0.349770
5403	18289.087209	0.295422
4104	13713.057811	0.299277
5552	17550.327576	0.316347
4415	14565.863881	0.303106
6764	21782.284488	0.310528
1003	3278.454082	0.305937
4220	14795.031519	0.285231
878	2871.919450	0.305719
3969	12810.447936	0.309825
9415	31347.102715	0.300347
2078	6384.037911	0.325499
9959	32422.442289	0.307164
5890	18126.545181	0.324938
3148	10389.863833	0.302988
7886	24824.220954	0.317674
6971	25748.156938	0.270738
211	604.964615	0.348781
1979	6120.012204	0.323365
9234	30168.925385	0.306077
1461	4682.449586	0.312016
9704	30096.707648	0.322427
1381	4231.544075	0.326358
5010	15144.455604	0.330814
4280	13763.620123	0.310965
4931	15523.839938	0.317640
5193	17147.646654	0.302840
230	613.061518	0.375166
5142	16248.886280	0.316452
7602	27182.451631	0.279666
9214	32995.765795	0.279248
5551	17434.248257	0.318396
4117	13096.285849	0.314364
671	2054.487504	0.326602
3422	10656.485730	0.321119
3301	11606.999771	0.284397
6489	20220.274487	0.320916
2711	8112.537166	0.334174
11559	37688.707227	0.306697
1212	3411.839096	0.355234
7267	22466.772092	0.323455
748	2139.576963	0.349602
1134	3513.826000	0.322725
2473	7669.090778	0.322463
1011	3031.875167	0.333457
1047	3114.738837	0.336144
6550	20598.674416	0.317982
6172	20058.385993	0.307702
9054	31213.754470	0.290064
902	2782.218273	0.324202
2381	7726.238997	0.308171
2763	8424.381796	0.327977
961	2761.481197	0.348002
7230	24021.063051	0.300986
5263	16748.455499	0.314238
534	1480.659191	0.360650
3156	9528.313286	0.331223
1734	5473.347308	0.316808
2418	7604.055932	0.317988
748	2398.041407	0.311921
10811	35494.917926	0.304579
1385	4129.748776	0.335371
4123	12759.210159	0.323139
5302	17530.979775	0.302436
4264	13949.772533	0.305668
4596	14617.862680	0.314410
3578	11834.936975	0.302325
643	2085.982866	0.308248
1805	5664.940129	0.318626
399	1342.250173	0.297262
10670	32169.353089	0.331682
2724	7978.612922	0.341413
2013	6488.746765	0.310229
1173	4053.349624	0.289390
8296	25500.056193	0.325333
2861	9367.649260	0.305413
2052	6426.069500	0.319324
1583	4739.142875	0.334027
9345	28842.778961	0.323998
4627	14174.835073	0.326424
1502	4523.228988	0.332064
6217	19494.014883	0.318918
502	1407.226026	0.356730
802	2339.043173	0.342875
10103	35493.301136	0.284645
4480	14135.396504	0.316935
2360	7292.719516	0.323610
631	1830.579922	0.344700
1855	5791.000216	0.320325
4932	15054.402363	0.327612
1449	4248.893540	0.341030
3755	11880.656380	0.316060
2865	8727.910916	0.328257
6329	20258.473416	0.312412
8623	27534.264694	0.313173
13165	42392.878030	0.310547
1213	3748.826323	0.323568
1620	4970.366448	0.325932
7546	26316.320308	0.286742
2029	6087.131085	0.333326
1727	5285.017910	0.326773
2129	6468.613301	0.329128
7476	23612.733923	0.316609
1366	4194.821168	0.325640
6618	23153.400858	0.285833
4885	16326.435949	0.299208
3704	12595.798359	0.294066
2637	9149.176771	0.288223
537	1563.423864	0.343477
5329	16800.087526	0.317201
2996	10057.594161	0.297884
4297	13486.205488	0.318622
1953	6230.495836	0.313458
2719	8474.428099	0.320848
7773	27295.494258	0.284772
965	2832.326042	0.340709
3142	11652.993288	0.269630
11687	36389.173687	0.321167
2571	7588.376913	0.338808
1869	5558.292470	0.336254
2469	8119.756322	0.304073
5586	18374.901355	0.304002
10266	35725.401833	0.287359
519	1390.950909	0.373126
2474	7536.982934	0.328248
8243	26784.480304	0.307753
4816	16264.150734	0.296111
884	2470.855320	0.357771
6207	19577.884507	0.317041
7087	27969.435389	0.253384
480	1355.707840	0.354059
1155	3331.995696	0.346639
1393	4122.282991	0.337920
446	1293.979645	0.344673
2413	7173.139075	0.336394
7528	24564.142550	0.306463
1344	4295.619706	0.312877
1029	2930.011525	0.351193
10321	34523.114838	0.298959
6506	21567.619363	0.301656
7212	23043.981222	0.312967
758	2252.016452	0.336587
5432	17899.466931	0.303473
1937	5718.618897	0.338718
5138	17339.329210	0.296321
5142	17572.247827	0.292621
526	1502.519722	0.350079
1072	3585.908023	0.298948
945	2890.473430	0.326936
7884	24746.109075	0.318596
1072	3008.341573	0.356343
2213	6825.415612	0.324229
3029	9945.319059	0.304565
5413	18013.326021	0.300500
4704	15477.638807	0.303922
2116	6208.289927	0.340835
6709	22600.626323	0.296850
2320	6724.431971	0.345011
4563	14459.699993	0.315567
5862	18109.544833	0.323697
1162	3881.129402	0.299397
3049	9668.641424	0.315349
157	437.542542	0.358822
12256	39542.969774	0.309941
7153	25565.557401	0.279790
1191	3395.094316	0.350800
1839	5646.887392	0.325666
2052	6621.593274	0.309895
6016	20632.938215	0.291573
963	2790.340294	0.345119
4586	15926.841352	0.287942
6376	21187.755223	0.300929
2891	8958.218648	0.322720
3189	8995.276109	0.354519
4162	13553.365964	0.307082
4113	12692.365317	0.324053
931	2874.265658	0.323909
12037	37822.468284	0.318250
3703	11783.760291	0.314246
3342	9997.498508	0.334284
1492	4486.822413	0.332529
5967	18601.504390	0.320781
4030	12539.506209	0.321384
2695	8973.097414	0.300342
3242	9968.581001	0.325222
4335	14133.020120	0.306728
2039	5963.693617	0.341902
6610	19872.347591	0.332623
5009	15243.095147	0.328608
708	2064.359761	0.342963
2631	8618.165056	0.305285
3346	11079.683070	0.301994
3289	9990.080077	0.329227
643	2109.063216	0.304875
7202	23331.225582	0.308685
622	1792.617432	0.346979
2304	7920.791439	0.290880
1024	3078.985855	0.332577
880	2701.489556	0.325746
3485	10783.817073	0.323169
5975	21039.077002	0.283995
808	2285.426334	0.353545
3533	12373.310989	0.285534
1041	3160.454099	0.329383
456	1351.491861	0.337405
3377	10709.311294	0.315333
8986	31823.753544	0.282368
214	550.601082	0.388666
8756	28405.801610	0.308247
3243	10640.889104	0.304768
6923	23062.993079	0.300178
2063	6072.631776	0.339721
3184	10870.178131	0.292911
7409	25378.589912	0.291939
5116	17259.073788	0.296424
4513	14208.425511	0.317628
2796	9944.235495	0.281168
2053	6018.812285	0.341097
1340	4073.333980	0.328969
1059	3444.222311	0.307471
3902	12138.486832	0.321457
1009	3035.571570	0.332392
5486	17975.489817	0.305193
672	2013.399276	0.333764
4267	13054.375041	0.326864
303	854.601164	0.354551
4753	16637.741022	0.285676
933	2697.976890	0.345815
6140	19627.841300	0.312821
9624	30569.300217	0.314826
9547	30549.545541	0.312509
845	2631.334992	0.321130
7846	26248.147419	0.298916
1257	4048.380849	0.310495
1488	4280.631043	0.347612
380	964.833598	0.393850
6334	21852.326615	0.289855
10661	34173.557226	0.311966
4389	13367.717762	0.328328
2616	9033.565323	0.289587
3923	11298.716416	0.347208
6407	21172.226517	0.302613
4981	15915.791351	0.312960
6717	22443.349136	0.299287
1223	3730.535432	0.327835
745	2473.092706	0.301242
4791	14249.263893	0.336228
3005	9329.964459	0.322081
8466	26296.963709	0.321938
3940	12574.140061	0.313342
8956	28692.278876	0.312140
1185	3315.370102	0.357426
2791	9345.312588	0.298652
2454	7104.042463	0.345437
7696	26014.352508	0.295837
1176	3378.878812	0.348044
1195	3521.193334	0.339374
2303	7758.300065	0.296843
828	2371.743424	0.349110
854	2526.951117	0.337957
9430	30722.894368	0.306937
603	2187.189780	0.275696
7852	28631.465879	0.274244
6532	20573.634928	0.317494
2753	8503.271252	0.323758
5290	17147.297782	0.308503
776	2333.918923	0.332488
931	3002.412686	0.310084
241	672.906825	0.358148
7899	26727.402478	0.295539
6431	19785.927238	0.325029
269	751.039894	0.358170
4979	15424.272889	0.322803
8178	26735.476540	0.305886
2251	6812.476379	0.330423
5125	17638.352957	0.290560
4978	17276.316516	0.288140
2407	7615.867562	0.316051
322	906.035399	0.355395
10913	34370.648865	0.317509
766	2151.030998	0.356108
2454	7717.300444	0.317987
2116	5978.592778	0.353929
7630	25520.560622	0.298975
2323	6950.015284	0.334244
3406	12345.277633	0.275895
7550	24439.808682	0.308922
8157	29157.031754	0.279761
837	2158.008777	0.387858
919	2809.920988	0.327055
1682	5598.370874	0.300445
3215	9909.527337	0.324435
1401	4229.340558	0.331257
4309	13352.642358	0.322708
1964	5580.572000	0.351935
1125	3439.288779	0.327103
2722	8335.196141	0.326567
4074	12328.898007	0.330443
1619	4709.451022	0.343777
8328	25903.403535	0.321502
6407	19573.990323	0.327322
526	1630.444614	0.322611
3022	9525.652943	0.317249
1915	5848.229540	0.327450
46	116.779157	0.393906
12245	39807.284459	0.307607
8309	27434.029553	0.302872
218	613.393355	0.355400
1532	4919.181404	0.311434
749	2158.983105	0.346923
6343	20824.362052	0.304595
2778	8313.638546	0.334150
3073	9751.883477	0.315119
1644	5059.229105	0.324951
1290	3723.189428	0.346477
3184	10257.806068	0.310398
543	1532.269065	0.354376
5678	17363.989144	0.326999
778	2161.352244	0.359960
1860	5278.653334	0.352363
5866	17758.978483	0.330312
2957	9009.198415	0.328220
4111	13389.354211	0.307035
6265	21326.712735	0.293763
2896	8380.607954	0.345560
988	2990.443556	0.330386
1263	3644.728664	0.346528
1298	3990.825045	0.325246
5644	20475.726199	0.275643
2355	6950.392295	0.338830
1689	5218.226159	0.323673
1300	3732.547984	0.348288
11659	36537.171687	0.319100
2536	8198.169526	0.309337
8559	28845.487319	0.296719
4152	12426.278904	0.334131
4908	16195.151856	0.303054
3728	12002.036649	0.310614
6929	23312.593077	0.297221
3115	9864.062967	0.315793
404	1123.947461	0.359447
13073	40411.417570	0.323498
2307	6798.855004	0.339322
3710	12287.061713	0.301944
1094	3293.589639	0.332160
1281	3771.425973	0.339659
1555	4733.868863	0.328484
5104	18094.718456	0.282071
1483	4836.412144	0.306632
1299	3818.895660	0.340151
161	449.707500	0.358010
7056	24016.641805	0.293796
2759	8659.458693	0.318611
3312	10041.215026	0.329841
3888	11776.881439	0.330138
5336	17444.919498	0.305877
297	811.413329	0.366028
1629	5053.372178	0.322359
1902	5894.445961	0.322677
1076	2959.787824	0.363540
6820	25204.524498	0.270586
1180	3277.238452	0.360059
819	2261.177101	0.362201
10910	34647.738404	0.314883
4254	14046.656711	0.302848
1376	3915.445994	0.351429
400	1076.092794	0.371715
1657	5168.982365	0.320566
1589	4865.461530	0.326588
1496	4491.443430	0.333078
612	1990.173516	0.307511
2674	8517.243600	0.313951
10397	36282.075962	0.286560
1208	3541.533292	0.341095
5832	22427.030522	0.260043
3867	12215.535659	0.316564
3523	12357.973699	0.285079
5801	19606.685403	0.295868
2653	8569.661648	0.309580
2930	8469.441016	0.345950
889	2344.544880	0.379178
10449	34557.645747	0.302364
3969	12459.361460	0.318556
4228	13794.026983	0.306509
3164	10615.297084	0.298060
3518	10606.194561	0.331693
1670	5205.209337	0.320832
5109	16689.019744	0.306129
1035	2897.997755	0.357143
2432	7109.022855	0.342100
733	2142.931593	0.342055
776	2001.756428	0.387660
1105	3094.849423	0.357045
6156	18939.519247	0.325035
7644	24277.127683	0.314864
3369	11014.548253	0.305868
6807	21529.909351	0.316165
3872	12139.323848	0.318963
5361	16123.233983	0.332502
904	3291.996588	0.274605
2287	7411.909558	0.308557
930	2783.588786	0.334101
5818	19626.800907	0.296431
2383	8012.527217	0.297409
3690	13976.219727	0.264020
1090	3429.075659	0.317870
692	2183.729885	0.316889
3944	11616.933570	0.339504
2382	7258.646289	0.328160
4045	11870.702740	0.340755
9090	30950.422549	0.293696
6942	25372.015416	0.273609
1309	3957.830830	0.330737
7239	25236.183338	0.286850
302	830.042993	0.363837
5179	15237.818306	0.339878
2828	8997.675745	0.314303
229	662.495823	0.345663
3497	12512.318384	0.279485
2245	7024.418876	0.319599
3127	10058.292363	0.310888
9048	32520.630064	0.278223
1545	4225.169762	0.365666
6145	19641.682055	0.312855
1374	4297.981907	0.319685
1497	4787.750945	0.312673
2196	7444.305516	0.294991
422	1140.708617	0.369945
3760	12056.354897	0.311869
848	2577.572244	0.328992
1351	4252.640501	0.317685
2480	7294.566546	0.339979
2619	7768.867094	0.337115
5423	17420.116627	0.311307
1680	5123.137986	0.327924
1086	3237.138423	0.335481
6575	22467.305134	0.292647
188	484.822550	0.387771
969	2807.151303	0.345190
3259	10846.034084	0.300478
1000	3034.701406	0.329522
3272	9640.103273	0.339415
1512	4156.452108	0.363772
5085	15299.978804	0.332353
9750	31247.710687	0.312023
3988	12778.200291	0.312094
11283	35573.754160	0.317172
1607	4892.615440	0.328454
11855	38805.924013	0.305495
8448	26966.646078	0.313276
1331	3609.106465	0.368789
1465	4458.853420	0.328560
4601	14908.568312	0.308614
1839	5447.731357	0.337572
2641	8335.771395	0.316827
5466	17290.994110	0.316118
10192	32796.197990	0.310768
8162	26080.277356	0.312957
1544	4299.554815	0.359107
2847	8742.205600	0.325662
4802	15068.293145	0.318682
1192	3567.552219	0.334123
3616	11506.812385	0.314249
6512	20164.370060	0.322946
540	1471.417301	0.366993
7067	22034.842864	0.320719
5568	17625.074860	0.315914
13162	41477.355238	0.317330
4767	15821.924926	0.301291
1891	5148.398615	0.367299
2970	9436.987750	0.314719
5867	20768.335043	0.282497
7877	24579.708414	0.320468
5400	17175.651743	0.314399
878	2741.214196	0.320296
1784	5873.685828	0.303728
3722	11290.075011	0.329670
509	1433.470823	0.355082
2371	7628.039082	0.310827
1350	3859.613457	0.349776
754	2118.414805	0.355927
9488	30330.884510	0.312816
1356	4013.027986	0.337899
2077	5865.554254	0.354101
9869	32933.410525	0.299665
2177	6363.975415	0.342082
5331	16236.732097	0.328330
4691	15390.408058	0.304800
938	2808.066408	0.334038
676	1984.061541	0.340715
8463	26750.884210	0.316363
3384	10614.380446	0.318813
6222	19140.516193	0.325070
1420	4520.817757	0.314102
6282	21437.415861	0.293039
689	2136.805283	0.322444
1174	3527.445166	0.332819
1371	4057.958006	0.337855
2545	8055.256190	0.315943
2361	7420.129794	0.318189
635	1755.954132	0.361627
2489	7384.948842	0.337037
8092	26956.931594	0.300183
8331	27268.698074	0.305515
1744	5032.225981	0.346566
3176	9834.975249	0.322929
1611	4611.829755	0.349319
4070	12858.032498	0.316534
7069	23572.898775	0.299878
3528	11373.215964	0.310202
4540	13817.122003	0.328578
684	2512.490079	0.272240
2620	7894.409905	0.331880
3437	10242.872002	0.335550
5922	19411.837815	0.305072
3948	12387.565383	0.318707
5455	16674.059168	0.327155
1201	3359.912939	0.357450
2778	9343.649455	0.297314
3489	11411.303309	0.305749
6073	21177.653007	0.286765
12439	38542.682158	0.322733
1260	3640.296978	0.346126
3606	11503.987362	0.313457
2059	5984.582233	0.344051
3486	11200.284034	0.311242
7091	22313.148737	0.317795
454	1441.326968	0.314988
8238	27419.972513	0.300438
1936	5868.349654	0.329905
2340	7330.039371	0.319234
5609	18707.549447	0.299825
294	848.293560	0.346578
2326	7483.307851	0.310825
7825	24723.772030	0.316497
1941	5732.336363	0.338605
8358	25988.642978	0.321602
654	1824.461559	0.358462
5861	18012.668647	0.325382
1188	3643.920927	0.326022
2755	8397.421965	0.328077
6081	19590.417398	0.310407
2745	8713.789305	0.315018
3846	12890.677634	0.298355
7033	24044.536835	0.292499
777	2273.947084	0.341697
2699	7913.784715	0.341050
954	2829.466123	0.337166
1187	3593.115901	0.330354
2838	8366.446965	0.339212
2205	7181.769950	0.307027
7216	23135.281319	0.311905
717	1916.980809	0.374026
2328	6724.875872	0.346177
2028	6852.677126	0.295943
7053	22170.354776	0.318128
2104	6593.048261	0.319124
7443	23364.698277	0.318558
317	813.708199	0.389575
3056	9126.417043	0.334852
9087	31547.387646	0.288043
3747	12236.677887	0.306211
9597	31657.693312	0.303149
9331	29238.469337	0.319134
10707	35410.000792	0.302372
4807	17687.830735	0.271769
6420	20506.324018	0.313074
2224	6572.523488	0.338378
2499	8214.071455	0.304234
599	1672.032834	0.358247
2162	6363.799584	0.339734
644	1903.705144	0.338288
2061	6801.543866	0.303019
1247	3587.193303	0.347626
1960	6594.850447	0.297202
4268	12762.056641	0.334429
1048	3091.261607	0.339020
3121	9393.943145	0.332235
9827	33230.358825	0.295724
2074	7323.268687	0.283207
9462	29906.950637	0.316381
6298	19295.836268	0.326392
7509	25013.985447	0.300192
1109	3070.178223	0.361217
4378	14251.290290	0.307200
5421	16321.667441	0.332135
3484	10917.456157	0.319122
2140	7015.184227	0.305053
2771	8461.346996	0.327489
5816	18870.487139	0.308206
1416	4415.019207	0.320723
5401	18773.727276	0.287689
2800	9178.640442	0.305056
1403	3862.056907	0.363278
1599	5080.461975	0.314735
1036	2990.236229	0.346461
791	2109.885340	0.374902
2598	8197.516007	0.316925
1396	4202.770502	0.332162
8175	26265.781661	0.311241
5106	17828.140408	0.286401
626	1919.827839	0.326071
659	2318.762754	0.284203
933	2718.558743	0.343197
1617	4688.285262	0.344902
3231	9484.814498	0.340650
12174	38513.616094	0.316096
1183	4419.940296	0.267651
2510	7905.900967	0.317484
991	2917.323461	0.339695
504	1538.682692	0.327553
7178	24614.916180	0.291612
4355	13829.480046	0.314907
5564	19130.821637	0.290840
7581	25187.646152	0.300981
2040	6041.926654	0.337641
2603	8760.511134	0.297129
3952	12321.037268	0.320752
1371	4369.530006	0.313764
7891	25025.869945	0.315314
1193	3366.644541	0.354359
1081	3235.044071	0.334153
6466	21095.644780	0.306509
1350	4014.262520	0.336301
256	677.933817	0.377618
4171	14403.202999	0.289588
10391	34627.706734	0.300078
6567	21096.086102	0.311290
4094	13184.932911	0.310506
463	1338.172805	0.345994
595	1824.867758	0.326051
452	1255.253516	0.360087
7836	27144.455484	0.288678
859	2800.091467	0.306776
3110	10911.986273	0.285008
3861	11311.367767	0.341338
5017	16738.661506	0.299725
6516	21852.158162	0.298186
3744	12190.242874	0.307131
6794	22090.324531	0.307555
2241	6924.520983	0.323632
4961	15735.254855	0.315279
2102	6212.349331	0.338358
554	1596.262795	0.347061
1426	4457.771723	0.319891
3678	10676.793087	0.344485
1526	4430.236757	0.344451
1862	5646.193732	0.329780
5708	18476.779368	0.308928
3243	11094.713906	0.292301
6941	24455.503825	0.283822
2281	6857.181744	0.332644
581	1583.440349	0.366923
1724	5143.322136	0.335192
792	2353.178384	0.336566
8501	29872.969268	0.284572
766	2149.183251	0.356414
3023	9007.465128	0.335611
6128	18383.090137	0.333350
3439	11136.352380	0.308808
871	2309.184653	0.377189
6847	20664.217908	0.331346
8722	28320.052323	0.307980
7679	23103.069750	0.332380
1563	4600.760690	0.339726
3476	10759.588680	0.323061
1590	4590.874102	0.346339
658	2114.077986	0.311247
1162	3303.732156	0.351723
109	271.427817	0.401580
4990	15998.325501	0.311908
5245	18249.792526	0.287401
2257	7146.734572	0.315809
8837	29879.635884	0.295753
5446	17791.571564	0.306100
5243	15663.359703	0.334730
969	3106.476087	0.311929
2865	8802.006020	0.325494
2578	8419.478600	0.306195
2209	7206.932491	0.306510
2051	7368.134458	0.278361
3178	10240.017681	0.310351
8795	29048.289220	0.302772
743	2394.910406	0.310241
1196	4257.886351	0.280891
1717	5528.302516	0.310584
8107	29501.309755	0.274801
1287	3899.909122	0.330008
3012	9990.411455	0.301489
640	1822.679758	0.351131
3205	9148.151564	0.350344
1147	3485.926793	0.329037
3098	9447.204081	0.327928
7601	23026.216320	0.330102
1289	3896.136128	0.330841
2996	9293.089744	0.322390
1247	3872.666042	0.322000
1946	6238.362601	0.311941
5908	18958.931956	0.311621
1875	5477.003071	0.342341
7326	23843.435583	0.307254
3429	11859.624326	0.289132
3512	10948.453302	0.320776
1195	3932.635244	0.303867
3325	11077.090299	0.300169
2089	6204.910008	0.336669
5804	19565.608843	0.296643
7831	26370.602292	0.296959
811	2201.481637	0.368388
1494	4599.289620	0.324833
571	1814.314527	0.314719
1586	4594.137857	0.345223
5825	18697.154407	0.311545
1436	4248.275813	0.338019
570	1710.116685	0.333311
1823	5918.189885	0.308033
1522	5085.317900	0.299293
8638	26603.644013	0.324692
1242	3646.480089	0.340602
4934	16504.498970	0.298949
1392	4031.890536	0.345247
2067	6404.843302	0.322725
894	2577.448133	0.346855
1965	5755.894670	0.341389
7099	24578.904126	0.288825
2006	6381.560824	0.314343
934	2522.828481	0.370219
2469	7065.105321	0.349464
1264	3876.499648	0.326067
8779	26752.536864	0.328156
1671	5733.633149	0.291438
1097	3333.480862	0.329085
3622	11279.229930	0.321121
4983	15582.882078	0.319774
4116	12085.086241	0.340585
7449	23865.838029	0.312120
5386	17640.059677	0.305328
690	1883.014672	0.366434
478	1250.582728	0.382222
1433	4000.201024	0.358232
6926	22130.496870	0.312962
593	1818.763296	0.326046
3496	12106.228520	0.288777
2469	7379.351534	0.334582
12163	39365.389245	0.308977
3080	10648.061745	0.289255
7357	23016.146530	0.319645
1144	3395.233386	0.336943
3797	13047.243728	0.291019
5190	16267.721330	0.319037
890	2698.850605	0.329770
1194	3899.904732	0.306161
2706	8513.257464	0.317857
1361	4118.033749	0.330498
3060	10098.645149	0.303011
1326	3805.798305	0.348416
6689	21267.168666	0.314522
2513	8104.584456	0.310071
1956	5952.939753	0.328577
6141	18094.139153	0.339392
8792	28252.085303	0.311198
3434	10214.049693	0.336204
4688	15977.022558	0.293421
5656	16904.058666	0.334594
6051	21131.609762	0.286348
7490	23070.150814	0.324662
3890	11685.307533	0.332897
9119	29512.667555	0.308986
3070	9132.469083	0.336163
1502	4729.579504	0.317576
2038	6057.719324	0.336430
5999	19925.620066	0.301070
7605	23116.508775	0.328986
1809	6065.546430	0.298242
767	2227.429981	0.344343
2248	6985.467768	0.321811
498	1438.433886	0.346210
6428	25703.579921	0.250082
8045	27191.746088	0.295862
3366	11240.511676	0.299453
5217	15827.077510	0.329625
3760	13192.312387	0.285014
1058	2898.040935	0.365074
4620	14391.895858	0.321014
1144	3329.883177	0.343556
4347	13763.875307	0.315827
3933	12244.912258	0.321195
2085	7163.178212	0.291072
5684	19196.921931	0.296089
1014	2830.066501	0.358295
6396	19755.358374	0.323760
651	1652.924373	0.393847
398	1024.945190	0.388313
2496	7616.350048	0.327716
8403	28090.681186	0.299138
2161	6586.346439	0.328103
4476	14579.543912	0.307005
200	615.887719	0.324735
5983	19244.829011	0.310889
9015	29809.077170	0.302425
3649	11337.579154	0.321850
3548	11803.300519	0.300594
7517	25293.182918	0.297195
406	1146.793795	0.354031
5498	19670.973666	0.279498
1664	5719.464559	0.290936
2450	7225.399596	0.339082
6974	21619.618716	0.322577
10682	35057.297174	0.304701
7707	27707.266361	0.278158
540	1675.633265	0.322266
6192	19739.965793	0.313678
5903	17589.656717	0.335595
3224	10051.748950	0.320740
343	1012.903475	0.338630
1617	4883.821056	0.331093
1432	4161.912773	0.344073
6684	21137.753599	0.316211
3775	12587.836022	0.299893
6445	20138.833865	0.320028
2157	7320.842092	0.294638
5999	18805.131721	0.319009
5420	15856.971683	0.341805
3666	11672.106606	0.314082
1677	5049.032741	0.332143
4631	14527.471993	0.318775
6388	21458.626026	0.297689
4590	15115.306161	0.303666
1867	5232.228089	0.356827
2330	7508.578985	0.310312
3094	9609.586385	0.321970
3273	9620.577586	0.340208
3969	14837.659898	0.267495
2416	8978.824188	0.269078
698	2109.812838	0.330835
4503	14873.029650	0.302763
3967	13930.892486	0.284763
2833	8342.534683	0.339585
5936	18807.079997	0.315626
1200	3676.774042	0.326373
5105	17820.466551	0.286468
1806	5152.370435	0.350518
3407	11464.599797	0.297176
1167	3550.226698	0.328711
3300	10240.633802	0.322246
2467	7278.115180	0.338961
1334	3994.221938	0.333982
8564	28650.591729	0.298912
2672	9289.539405	0.287635
1864	6133.913012	0.303884
206	570.357017	0.361177
5195	21065.870542	0.246607
5591	17277.429294	0.323601
9496	32316.863010	0.293840
2253	7129.246643	0.316022
2831	10423.944128	0.271586
335	1032.213608	0.324545
6316	23156.846952	0.272749
2239	6434.640221	0.347960
2572	7813.908032	0.329157
313	895.658869	0.349463
4168	15193.396202	0.274330
1378	4548.793473	0.302937
5123	17073.405734	0.300057
2473	7513.396283	0.329145
1833	5159.642144	0.355257
7931	28809.323003	0.275293
6894	22353.911177	0.308402
6698	25121.017745	0.266629
339	1042.713119	0.325113
10686	33274.899752	0.321143
935	3040.639508	0.307501
887	2418.448147	0.366764
1335	4319.849366	0.309039
6895	23346.358477	0.295335
1575	5135.255356	0.306703
5053	15605.893360	0.323788
2384	7629.556541	0.312469
6796	23270.091406	0.292049
2175	6801.304465	0.319792
976	3307.030912	0.295129
823	2669.140597	0.308339
6212	19785.117694	0.313973
1978	6424.814719	0.307869
4920	15589.109134	0.315605
2516	8247.108159	0.305077
1026	2866.448396	0.357934
7963	25970.328948	0.306619
2998	9004.266954	0.332953
2408	6809.540581	0.353622
2946	8637.922439	0.341054
4068	12495.773195	0.325550
4547	15207.504780	0.298997
2604	7772.727054	0.335018
4659	14230.722460	0.327390
7091	23445.993758	0.302440
9551	33150.089081	0.288114
3588	11750.370987	0.305352
5240	15478.619906	0.338531
6203	19402.536043	0.319700
1874	5482.041363	0.341843
4851	15250.612300	0.318086
1436	4600.428510	0.312145
5173	16857.861322	0.306860
1826	6549.746328	0.278789
10021	32482.141981	0.308508
8701	26724.306445	0.325584
1575	4863.225868	0.323859
2127	6445.105250	0.330018
4403	14937.674253	0.294758
1092	3431.559294	0.318223
12258	39785.264645	0.308104
808	2638.817866	0.306198
1549	5554.738354	0.278861
9611	31762.705028	0.302588
1880	5794.575869	0.324441
4667	17623.699103	0.264814
751	2056.224556	0.365232
735	2214.310478	0.331932
440	1233.450578	0.356723
9983	30513.254013	0.327169
5731	17135.595832	0.334450
4734	14746.122735	0.321034
225	670.264875	0.335688
4994	16034.443328	0.311455
1268	3838.490451	0.330338
6989	22159.073416	0.315401
1012	2919.883274	0.346589
434	1212.694638	0.357881
8980	28966.750608	0.310011
5350	19883.722577	0.269064
544	1462.481174	0.371971
11742	40634.677096	0.288965
8428	26786.794751	0.314633
173	463.161160	0.373520
2504	7661.243370	0.326840
1568	5306.686140	0.295476
962	3169.696128	0.303499
972	2910.045517	0.334015
6324	21061.634993	0.300262
1752	5354.935051	0.327175
4390	14011.009053	0.313325
8958	28250.786211	0.317089
1190	3758.841930	0.316587
9968	32747.632500	0.304388
2802	9010.771503	0.310961
4779	14954.664805	0.319566
2104	6417.479912	0.327855
335	927.855342	0.361048
4345	13760.079206	0.315769
6356	21302.674380	0.298366
4931	16099.104341	0.306290
2962	9174.905849	0.322837
1901	5532.467194	0.343608
417	1143.155240	0.364780
3503	9723.826602	0.360249
1695	5420.459222	0.312704
2066	6369.382879	0.324364
1231	3366.366901	0.365676
761	2145.118839	0.354759
8200	25082.588564	0.326920
9461	33289.126209	0.284207
1678	4712.305147	0.356089
4379	12905.392588	0.339316
2088	6496.415929	0.321408
7867	27588.767757	0.285152
1776	5388.488830	0.329591
9041	28576.068776	0.316384
502	1403.657629	0.357637
3132	9109.012537	0.343835
1150	3444.671867	0.333849
7689	22909.407318	0.335626
3616	11377.772057	0.317813
3300	10031.941840	0.328949
800	2315.070559	0.345562
825	2686.373478	0.307105
447	1299.983752	0.343850
900	2749.426267	0.327341
8530	30791.447800	0.277025
12071	41119.538958	0.293559
952	2839.307130	0.335293
6890	22534.080679	0.305759
2465	7589.026086	0.324811
4432	15583.501227	0.284403
3787	12128.911982	0.312229
953	3021.069385	0.315451
955	2936.162135	0.325255
1138	3301.797642	0.344661
1278	3813.867272	0.335093
5933	19988.911100	0.296815
1314	4032.667837	0.325839
876	2771.952569	0.316023
3287	10107.604036	0.325201
2665	8689.257025	0.306701
3564	10959.516766	0.325197
4346	14351.475868	0.302826
4665	13956.713389	0.334248
4464	14446.523459	0.309002
4787	15482.756562	0.309183
5077	16614.272549	0.305581
2049	6616.871910	0.309663
1912	6308.569382	0.303080
3194	10721.796237	0.297898
10715	33584.633066	0.319045
1317	4473.364047	0.294409
2479	7270.520975	0.340966
5754	18669.160471	0.308209
5859	18869.481972	0.310501
7257	25648.341702	0.282942
2593	8629.322542	0.300487
1004	2868.668205	0.349988
4489	13988.265744	0.320912
3463	10719.712057	0.323050
3567	10496.292737	0.339834
2147	6654.425416	0.322642
7792	24771.232024	0.314558
2233	6705.014357	0.333034
5372	18769.584944	0.286208
6748	20653.937961	0.326717
4443	14725.336801	0.301725
1872	5674.520675	0.329896
1185	3684.101380	0.321652
649	1876.297846	0.345894
812	2582.695163	0.314400
581	1685.909760	0.344621
4402	13437.830711	0.327583
5726	19073.917769	0.300201
2093	6686.200944	0.313033
478	1292.378669	0.369861
5219	16784.799744	0.310936
451	1382.645843	0.326186
2923	9087.839216	0.321639
6525	20237.799704	0.322416
1447	5330.652040	0.271449
5732	19604.817133	0.292377
8988	29844.218476	0.301164
784	2099.250776	0.373467
5283	17313.110101	0.305144
4162	12594.012797	0.330474
1825	5310.215023	0.343677
3592	11197.931334	0.320774
1412	4008.311946	0.352268
982	2834.000317	0.346507
2040	6340.988497	0.321716
4879	16265.319818	0.299963
3672	11423.243240	0.321450
1037	3096.651048	0.334878
2451	7876.555598	0.311177
1163	3531.515376	0.329320
794	2555.568714	0.310694
8369	26887.545759	0.311259
444	1293.225160	0.343328
4889	15997.052314	0.305619
9539	31319.982624	0.304566
7079	23397.433457	0.302555
4973	15926.348307	0.312250
5656	21655.125436	0.261185
2339	6594.601065	0.354684
3461	10668.246406	0.324421
7171	25838.028821	0.277537
173	422.760045	0.409216
3924	12267.966306	0.319857
5788	20071.254142	0.288373
1717	5170.774347	0.332059
4186	12232.288631	0.342209
1809	5336.845910	0.338964
10231	33379.017549	0.306510
1640	4571.842610	0.358718
600	1781.309266	0.336831
434	1337.250612	0.324546
110	260.208655	0.422738
11628	37022.336127	0.314081
2472	8950.561752	0.276184
5688	18007.963829	0.315860
2236	6489.929974	0.344534
585	1633.741928	0.358074
1397	4042.309690	0.345595
825	2467.830051	0.334302
5217	16875.003315	0.309155
5831	19834.243822	0.293987
4527	15456.938780	0.292878
1065	3375.986083	0.315463
11938	37155.140697	0.321301
5463	16220.308873	0.336800
4459	13462.832393	0.331208
2783	8885.425439	0.313210
122	315.028454	0.387267
3300	10236.418342	0.322378
2315	6369.697825	0.363440
1452	4078.704989	0.355995
4071	12823.064004	0.317475
2611	9313.768331	0.280338
3669	11115.446088	0.330081
3048	9407.930766	0.323982
4657	16434.091274	0.283374
2576	7953.092810	0.323899
2043	6424.758381	0.317989
901	2647.328415	0.340343
4709	14718.420297	0.319939
3995	12031.324434	0.332050
8018	28035.986988	0.285990
7442	24275.656499	0.306562
1613	5082.902780	0.317338
4673	15832.785205	0.295147
4566	15022.012973	0.303954
10909	34235.937365	0.318642
976	2742.075669	0.355935
918	2426.613168	0.378305
8513	27354.846403	0.311206
1763	5298.573420	0.332731
1822	6003.700117	0.303480
8081	26989.994360	0.299407
4876	16965.634047	0.287405
2710	8874.677713	0.305363
587	1715.179732	0.342238
1982	5876.160517	0.337295
4685	15004.447186	0.312241
5098	17426.843353	0.292537
1663	5113.843602	0.325196
806	2484.525859	0.324408
3127	9677.635232	0.323116
5647	18860.617616	0.299407
528	1687.782985	0.312836
5592	17236.391953	0.324430
4642	15115.119733	0.307110
1261	4423.103651	0.285094
1880	5693.126401	0.330223
7237	23996.183504	0.301590
1556	4890.827477	0.318147
487	1318.587592	0.369335
487	1362.594635	0.357406
4571	14764.194152	0.309600
10195	31963.628172	0.318956
1993	6061.370702	0.328804
2689	8743.876482	0.307530
5521	19027.986587	0.290152
7442	24664.133625	0.301734
8244	27209.096079	0.302987
661	1854.359609	0.356457
3384	10413.623942	0.324959
780	2316.840536	0.336665
5739	18196.147532	0.315396
1886	5876.480890	0.320940
4218	13446.629365	0.313685
5177	16863.129543	0.307001
4808	14800.775873	0.324848
1958	5987.673739	0.327005
530	1528.783728	0.346681
1182	3758.968911	0.314448
4783	14840.090046	0.322303
2097	5894.342758	0.355765
3595	10578.657395	0.339835
3513	11245.355411	0.312396
3621	11685.459406	0.309872
4382	16531.054882	0.265077
1807	5958.081985	0.303286
6079	19796.620569	0.307073
1008	3213.090696	0.313717
9090	28838.988453	0.315198
1805	5998.163175	0.300925
5330	20414.675919	0.261087
2368	7477.356128	0.316689
124	337.211960	0.367721
5495	18079.045669	0.303943
8335	25641.604427	0.325058
2676	8829.910562	0.303061
571	1624.144205	0.351570
5409	17651.213640	0.306438
4437	15028.060408	0.295248
151	413.827640	0.364886
4895	15353.145295	0.318827
570	2000.672063	0.284904
1208	3644.164187	0.331489
3508	11065.477770	0.317022
2313	7344.266994	0.314940
262	763.624721	0.343100
6084	19673.449054	0.309249
5567	18177.686000	0.306255
6395	20897.249450	0.306021
513	1430.587572	0.358594
812	2413.672173	0.336417
1621	4670.310601	0.347086
10021	32616.873176	0.307234
3534	11681.602614	0.302527
753	2201.665384	0.342014
972	2716.418456	0.357824
7661	27628.360332	0.277288
4975	15285.352428	0.325475
13126	42107.084967	0.311729
5753	18197.187939	0.316148
296	768.945159	0.384943
8235	25816.906459	0.318977
559	1510.781285	0.370007
2559	8515.831293	0.300499
202	625.463348	0.322961
2119	6864.363777	0.308696
4769	14457.003317	0.329875
299	791.930148	0.377559
545	1565.892293	0.348044
1010	3289.501421	0.307037
1881	5591.780125	0.336387
7742	26107.333221	0.296545
7685	25308.755476	0.303650
4203	13210.835882	0.318148
1053	3247.699665	0.324229
613	1673.949768	0.366200
2125	6569.134588	0.323482
2199	7362.321497	0.298683
305	818.347978	0.372702
6825	21562.442900	0.316523
9476	29819.766254	0.317776
3581	12353.656713	0.289874
5679	19093.624095	0.297429
5676	19988.878877	0.283958
7411	24847.614072	0.298258
4818	17626.936578	0.273332
4754	14764.566447	0.321987
128	390.087104	0.328132
9666	30004.291697	0.322154
6169	18767.664607	0.328704
2251	8143.590518	0.276414
7201	23135.238081	0.311257
5367	19033.938140	0.281970
3596	11587.996736	0.310321
405	1006.924530	0.402215
3586	10963.792382	0.327077
2116	7185.148309	0.294496
847	2362.703010	0.358488
1822	5885.309562	0.309584
3763	12014.291475	0.313210
4663	15162.836687	0.307528
