#aktiv flaeche dichte
771	2670.307901	0.288731
735	2785.787587	0.263839
2854	13783.458852	0.207060
3620	17619.464730	0.205455
3733	14045.949981	0.265771
7145	28386.556583	0.251704
782	3451.190233	0.226588
4525	22956.691489	0.197110
6718	35536.226394	0.189047
5671	24010.244358	0.236191
3067	14189.127742	0.216151
1506	5416.239760	0.278053
694	3158.562920	0.219720
914	3285.584768	0.278185
3965	15665.643980	0.253102
2157	9370.120673	0.230200
1758	6751.108072	0.260402
7324	32325.328330	0.226572
6455	25182.698193	0.256327
5756	26690.749227	0.215655
107	359.453979	0.297674
6100	25674.398885	0.237591
544	2070.270588	0.262768
1234	4407.887048	0.279953
1867	7835.354231	0.238279
815	2975.970033	0.273860
6773	28838.995082	0.234856
3708	21150.295445	0.175317
1206	4687.898766	0.257258
7809	31827.171315	0.245356
289	1021.554076	0.282902
594	2195.259757	0.270583
6939	29859.410650	0.232389
1907	7903.397240	0.241289
4070	17894.264889	0.227447
1004	3688.673028	0.272185
1118	4832.936887	0.231329
2041	9329.523222	0.218768
1900	7369.832562	0.257808
2710	9599.963430	0.282293
1073	4139.868032	0.259187
845	3372.351389	0.250567
5642	25369.937497	0.222389
4282	17223.583988	0.248613
1815	7246.947485	0.250450
972	3813.425875	0.254889
2392	10471.237498	0.228435
2529	10318.776852	0.245087
2512	11975.448027	0.209763
1822	8429.811594	0.216138
1319	4602.559633	0.286580
2109	8197.379156	0.257277
3679	18124.649532	0.202983
1317	5504.788830	0.239246
60	285.444500	0.210198
694	2257.797294	0.307379
1191	4332.676606	0.274888
6476	27850.535307	0.232527
4825	20760.877490	0.232408
606	2129.486015	0.284576
541	1845.360529	0.293168
750	2610.080333	0.287347
5293	21154.552427	0.250206
395	1492.037388	0.264739
288	998.906710	0.288315
7873	33400.982914	0.235712
4386	19154.008307	0.228986
6971	28985.660613	0.240498
3732	13803.525829	0.270366
3761	15527.549261	0.242215
6656	28547.634698	0.233154
4031	15222.529042	0.264805
2493	11279.779026	0.221015
2949	11923.865543	0.247319
1338	4828.717183	0.277092
3929	19230.481671	0.204311
4154	19075.907590	0.217762
1176	4290.439299	0.274098
4452	20017.755809	0.222403
2786	11964.260112	0.232860
3252	12811.364289	0.253837
1438	5934.822243	0.242299
5440	21521.068013	0.252776
775	2842.481725	0.272649
3191	13682.918674	0.233210
1296	4454.826526	0.290920
3133	13781.364052	0.227336
6466	26959.891111	0.239838
275	891.631379	0.308423
522	1837.229621	0.284123
3013	12694.751346	0.237342
1622	6913.474908	0.234614
4766	20737.713420	0.229823
983	3591.105957	0.273732
1849	7085.561148	0.260953
1709	7049.112092	0.242442
6346	26951.572860	0.235459
3687	14324.215131	0.257396
6750	28685.611347	0.235310
5978	26680.130185	0.224062
2920	12362.937813	0.236190
4830	19882.815031	0.242923
1984	7356.249336	0.269703
1869	7362.843151	0.253842
5515	23759.654446	0.232116
4747	18603.624384	0.255165
3927	15847.067885	0.247806
2674	9752.788888	0.274178
1679	6400.021508	0.262343
847	3222.446307	0.262844
7250	34838.251117	0.208105
4768	18020.448770	0.264588
997	3832.936584	0.260114
2578	10658.408016	0.241875
3757	14686.366287	0.255815
8678	34692.033318	0.250144
3657	14229.281307	0.257005
1972	8017.010372	0.245977
6733	34492.498370	0.195202
7277	28597.127098	0.254466
6564	26182.890326	0.250698
2887	13910.920537	0.207535
3050	10836.825002	0.281448
1309	4899.592120	0.267165
1047	4239.162812	0.246983
255	781.490207	0.326300
2205	8515.363890	0.258944
1028	4316.134795	0.238176
712	2541.434283	0.280157
445	1584.143472	0.280909
1247	4850.399219	0.257092
270	878.757389	0.307252
2089	9384.408055	0.222603
1427	5580.537269	0.255710
961	3797.495011	0.253062
3870	18504.401264	0.209139
3455	12847.414812	0.268926
3325	14211.555934	0.233965
386	1262.695406	0.305695
931	3658.257562	0.254493
4806	22149.741963	0.216978
1840	6915.762229	0.266059
2395	8739.988271	0.274028
2183	9278.583699	0.235273
639	2565.706450	0.249054
1362	4650.840774	0.292850
5678	21262.232359	0.267046
5427	22817.556163	0.237843
1296	4587.139797	0.282529
3335	13610.710195	0.245028
1941	6843.055653	0.283645
7349	37707.145998	0.194897
8112	33933.719263	0.239054
7748	36090.405661	0.214683
6142	26873.279324	0.228554
2367	9730.342837	0.243260
1490	6545.712211	0.227630
4201	16908.013064	0.248462
3914	17318.424544	0.226002
9089	40888.023394	0.222290
1034	3890.748954	0.265759
3186	14646.321490	0.217529
2635	10810.198309	0.243751
548	1934.542227	0.283271
443	1538.630625	0.287918
4822	19439.581644	0.248051
5396	21507.939764	0.250884
2896	12634.655826	0.229211
3214	13115.755298	0.245049
601	2909.038322	0.206597
1076	4201.876584	0.256076
5190	23458.602310	0.221241
5523	23284.592801	0.237195
4472	19760.072750	0.226315
3444	14634.916524	0.235328
778	3355.738257	0.231842
6756	27339.508012	0.247115
1503	6567.997980	0.228837
821	2853.861300	0.287680
8055	33010.225672	0.244015
5011	19567.529219	0.256088
887	3356.711070	0.264247
5838	27795.489492	0.210034
5038	19822.723114	0.254153
3641	13123.953790	0.277432
5420	22966.308698	0.235998
533	1976.018219	0.269734
2485	9053.354224	0.274484
3287	12703.563010	0.258746
4101	17815.917908	0.230187
1911	8171.145531	0.233872
718	2460.924027	0.291760
7555	34138.993451	0.221301
2442	9283.110592	0.263058
2805	12278.463267	0.228449
5701	22675.970681	0.251412
5693	22665.376161	0.251176
1668	6734.184166	0.247691
2969	12799.988291	0.231953
7328	31517.333711	0.232507
1744	8579.874121	0.203266
3946	15412.525610	0.256026
4971	22499.876245	0.220935
4495	21110.847654	0.212924
2405	8569.604288	0.280643
3376	15085.885476	0.223785
5914	23984.800449	0.246573
3988	16923.204579	0.235653
127	420.740811	0.301849
1274	4477.109770	0.284559
1451	5984.264968	0.242469
400	1313.656014	0.304494
7924	34643.938753	0.228727
523	1918.867389	0.272557
4468	20272.304035	0.220399
962	3432.308484	0.280278
291	966.189595	0.301183
3472	13750.130253	0.252507
7915	32713.276191	0.241951
2823	12189.109013	0.231600
5117	21426.798163	0.238813
1673	6299.057104	0.265595
3611	14246.750140	0.253461
1715	6058.920359	0.283054
749	3459.670756	0.216495
1013	4179.286747	0.242386
3851	16368.479062	0.235269
3897	13965.877598	0.279037
2873	12920.942084	0.222352
1779	7102.673158	0.250469
3102	12402.278001	0.250115
8384	35012.245192	0.239459
2182	8765.942362	0.248918
4973	19362.274953	0.256840
239	929.970388	0.256997
511	2289.223649	0.223220
984	3555.586577	0.276748
6543	28479.401669	0.229745
666	2523.919680	0.263875
1925	6944.781839	0.277187
3044	10742.960843	0.283348
7950	34265.931950	0.232009
3662	13512.667347	0.271005
1071	3832.185679	0.279475
4433	17483.165707	0.253558
2323	8459.571204	0.274600
3132	12918.739214	0.242439
1215	5232.995209	0.232181
5358	22136.976106	0.242038
2450	9668.154295	0.253409
685	2646.446386	0.258838
1365	5450.910230	0.250417
3009	17757.069220	0.169454
499	1779.311994	0.280445
3600	14159.361853	0.254249
6694	30597.009764	0.218780
954	3456.568502	0.275996
3965	14911.464139	0.265903
2045	6891.684164	0.296734
2584	9541.157893	0.270827
1788	7013.403545	0.254940
491	1620.277230	0.303035
3462	13943.614954	0.248286
1223	4367.798803	0.280004
1876	6592.673266	0.284558
2530	11097.791533	0.227973
6081	26817.367214	0.226756
5397	20508.831965	0.263155
7363	30175.368960	0.244007
5774	23504.603485	0.245654
2921	10827.842490	0.269768
6308	28730.133946	0.219560
3598	14994.490520	0.239955
4449	16995.114373	0.261781
1865	6793.371759	0.274532
4038	17092.964486	0.236238
366	1302.394940	0.281021
127	408.392472	0.310975
197	647.875071	0.304071
2726	10570.375423	0.257891
840	3528.334313	0.238073
2601	10209.468666	0.254764
726	2619.203185	0.277184
1340	5221.743010	0.256619
930	3275.819710	0.283898
1374	4941.179724	0.278071
1818	6503.097700	0.279559
1094	3954.034624	0.276679
859	3014.248456	0.284980
535	1829.548564	0.292422
1530	5452.448868	0.280608
5820	24348.117876	0.239033
1102	4001.090937	0.275425
5958	24261.060951	0.245579
2218	10152.601994	0.218466
1332	4535.945444	0.293654
1986	6777.665920	0.293021
1116	5172.481477	0.215757
4113	15938.288618	0.258058
3130	12181.514960	0.256947
3496	13619.202503	0.256696
290	861.475520	0.336632
1350	4964.608336	0.271925
1347	4705.256964	0.286276
216	661.834515	0.326366
1121	4199.336736	0.266947
4713	19343.534043	0.243647
6149	24862.051211	0.247325
4045	15402.584180	0.262618
3606	13368.952937	0.269729
1331	5544.817772	0.240044
158	476.834546	0.331352
1386	5165.289148	0.268330
639	2231.338729	0.286375
1194	4118.316763	0.289924
8211	34875.897406	0.235435
4708	18957.178360	0.248349
2810	15011.598318	0.187189
1029	3751.495177	0.274291
6967	29075.035970	0.239621
2668	9991.106819	0.267037
920	2947.465772	0.312133
2760	10522.934290	0.262284
1089	4082.715287	0.266734
637	2303.004604	0.276595
1220	4557.422714	0.267695
4195	17955.372943	0.233635
3795	14448.222503	0.262662
1069	3566.494942	0.299734
818	3410.432450	0.239852
2019	7887.768404	0.255966
793	3723.181468	0.212990
3479	14448.333216	0.240789
691	2442.256937	0.282935
2764	11419.108931	0.242050
3663	13200.202799	0.277496
1687	6490.382196	0.259923
6856	27524.357202	0.249088
305	1291.623596	0.236137
459	1766.423865	0.259847
282	1017.076341	0.277265
787	2760.143307	0.285130
4092	16998.127037	0.240732
2165	7975.687525	0.271450
5812	23052.274186	0.252123
1050	4218.622678	0.248896
3012	12570.621344	0.239606
738	3607.357321	0.204582
3931	14769.505323	0.266157
463	1604.135443	0.288629
940	4640.526549	0.202563
4397	19724.959015	0.222916
2551	10038.536046	0.254121
3009	10580.269991	0.284397
3014	11168.292061	0.269871
356	1378.957940	0.258166
1853	8060.690196	0.229881
723	2472.239027	0.292447
5274	19505.940712	0.270379
3590	14694.278140	0.244313
2252	11115.142828	0.202606
1911	6674.088487	0.286331
1009	4098.134350	0.246210
1086	3738.927736	0.290458
4659	18137.241166	0.256875
573	2065.086831	0.277470
6172	25323.244261	0.243729
2423	10602.348268	0.228534
1104	4690.221935	0.235383
2529	11327.503264	0.223262
418	1665.437651	0.250985
4705	18585.371713	0.253156
2266	9353.504232	0.242262
4560	21068.004505	0.216442
742	2680.757327	0.276787
4411	22667.774041	0.194593
673	2286.435426	0.294345
1860	6762.510411	0.275046
565	1842.198306	0.306699
3675	16894.896443	0.217521
4458	16647.628494	0.267786
6333	26888.343702	0.235530
342	1095.902430	0.312072
437	1739.301661	0.251250
8753	36207.600259	0.241745
1714	6631.262671	0.258473
2524	10336.111553	0.244192
8573	41060.173862	0.208791
2599	10262.092914	0.253262
6323	25460.632923	0.248344
2512	8856.335883	0.283639
4340	17575.678411	0.246932
438	1930.106535	0.226930
2035	8161.514066	0.249341
1089	3690.565211	0.295077
4776	21598.122468	0.221130
4177	20093.808987	0.207875
1874	8210.652993	0.228240
84	253.005210	0.332009
1908	8375.341181	0.227812
4752	19587.466560	0.242604
954	3806.241729	0.250641
558	2157.387158	0.258646
1454	5273.078316	0.275740
6196	25836.125087	0.239819
2465	9668.915761	0.254941
6626	26402.573584	0.250960
6564	25695.478301	0.255454
4397	18014.096831	0.244087
1508	5808.462785	0.259621
506	2025.299917	0.249840
3513	13156.492566	0.267016
1987	8379.043774	0.237139
5067	21412.476586	0.236638
8530	35392.797238	0.241009
3574	15087.602443	0.236883
302	1275.410197	0.236787
3338	12999.612287	0.256777
4120	17665.128454	0.233228
8614	35475.173020	0.242818
7255	27359.378263	0.265174
327	1068.568972	0.306017
6614	29202.627188	0.226486
1478	5790.485486	0.255246
7074	33462.740506	0.211399
6375	27416.519722	0.232524
459	2011.958635	0.228136
2483	9622.496573	0.258041
976	3225.424595	0.302596
2663	10140.525786	0.262610
1133	3673.039735	0.308464
3950	16148.003766	0.244612
3674	15156.442387	0.242405
1364	4659.016255	0.292766
1237	4583.464294	0.269883
3820	17009.845984	0.224576
473	1749.148829	0.270417
1509	6429.965063	0.234682
2264	8091.634034	0.279795
5168	22946.519543	0.225219
6399	29757.375087	0.215039
2631	11231.402290	0.234254
7875	30351.139950	0.259463
774	2974.917131	0.260175
1631	6587.904663	0.247575
785	2795.338738	0.280825
279	904.436603	0.308479
6526	31935.463765	0.204350
520	1837.224346	0.283036
2658	11069.226270	0.240125
3673	15767.390055	0.232949
326	1259.233916	0.258888
616	2426.486200	0.253865
6877	29586.807747	0.232435
5145	27934.444390	0.184181
124	377.194974	0.328742
504	2284.482877	0.220619
1312	5908.487943	0.222053
800	2875.661735	0.278197
7398	33541.222244	0.220564
170	581.382042	0.292407
2542	9162.600459	0.277432
3777	15586.569594	0.242324
1124	4012.064016	0.280155
908	4174.951433	0.217488
2114	9063.198550	0.233251
4606	17682.478848	0.260484
3774	15509.856230	0.243329
1669	6651.270538	0.250930
2355	8967.189745	0.262624
1174	4551.159571	0.257956
4560	18712.483022	0.243688
5965	24549.789200	0.242976
4535	18999.953518	0.238685
4735	25114.261798	0.188538
1001	3814.983135	0.262386
2599	9145.942516	0.284170
1151	5314.464750	0.216579
5505	23701.897156	0.232260
3993	16692.474352	0.239210
675	2405.266503	0.280634
3478	13712.909305	0.253630
2833	11103.275383	0.255150
681	2208.260495	0.308388
2526	11822.768857	0.213656
1496	5029.075958	0.297470
769	3155.798236	0.243678
5193	22396.149919	0.231870
3871	20102.221079	0.192566
5578	23091.680212	0.241559
3341	12966.485789	0.257664
3188	12587.446447	0.253268
7387	31222.291444	0.236594
1035	4157.746958	0.248933
1549	5630.644405	0.275102
486	1667.984728	0.291370
393	1302.798077	0.301658
4317	16379.823179	0.263556
1491	5170.510703	0.288366
4245	18636.300955	0.227781
815	3348.389672	0.243401
4757	19330.552708	0.246087
5453	21283.268323	0.256211
6120	25218.345447	0.242680
6055	24294.687835	0.249231
978	3841.034184	0.254619
6985	30936.441406	0.225786
1665	6523.417543	0.255234
4898	19766.027311	0.247799
2440	9779.583939	0.249499
97	304.784679	0.318257
2216	9091.363361	0.243748
347	1244.401180	0.278849
7900	31314.502787	0.252279
1276	4912.460274	0.259748
2225	9991.969753	0.222679
1873	6652.426045	0.281551
1239	5108.317787	0.242546
3204	11594.106755	0.276347
4415	19770.866795	0.223308
50	146.453681	0.341405
2546	9204.972743	0.276590
2528	10681.714392	0.236666
2804	10061.221909	0.278694
770	3440.773014	0.223787
1939	8326.759302	0.232864
5463	21051.581984	0.259505
5302	22397.114208	0.236727
4744	20863.417903	0.227384
5188	23311.060531	0.222555
649	2455.511498	0.264303
9916	41497.550816	0.238954
889	3858.837462	0.230380
737	2635.141368	0.279681
4266	16939.710772	0.251834
1276	4480.954650	0.284761
8634	35257.881203	0.244881
789	2651.473744	0.297570
6016	22975.636149	0.261843
2426	9572.577730	0.253432
247	912.574204	0.270663
6920	28764.240932	0.240576
1578	6547.567314	0.241006
4966	19021.004059	0.261080
3706	16565.516759	0.223718
2151	8076.730789	0.266321
3157	13053.941707	0.241843
4151	17830.624754	0.232802
8608	34973.872253	0.246127
5571	24310.430113	0.229161
2741	11758.394080	0.233110
127	636.474233	0.199537
646	2232.384142	0.289377
4862	21072.408781	0.230728
1129	4100.043502	0.275363
4323	18913.498629	0.228567
700	2391.847563	0.292661
4363	16703.621786	0.261201
2909	10925.812476	0.266250
5256	24319.570984	0.216122
1943	7258.720955	0.267678
2001	8796.705535	0.227472
4028	18845.252462	0.213741
6230	37027.753457	0.168252
1643	6167.912945	0.266379
6214	25804.672465	0.240809
1172	4762.047057	0.246113
1364	4691.158762	0.290760
2875	12121.842791	0.237175
2718	11070.740711	0.245512
7289	31319.177061	0.232733
274	897.076667	0.305437
7484	32992.226417	0.226841
2098	7146.950798	0.293552
5519	24383.716870	0.226340
8188	34950.471240	0.234274
986	4454.284155	0.221360
867	3388.026003	0.255901
390	1460.372490	0.267055
1566	6087.410120	0.257252
5796	23350.425619	0.248218
3407	15152.084506	0.224854
5004	26197.702127	0.191009
997	3643.903972	0.273608
7809	34989.424215	0.223182
7709	33642.882499	0.229142
5529	22540.374904	0.245293
445	1517.947210	0.293159
666	2655.854734	0.250767
7956	34494.053960	0.230648
929	3467.372043	0.267926
775	2986.203161	0.259527
2239	8133.511663	0.275281
914	3684.553075	0.248063
6398	26664.420307	0.239945
251	818.103389	0.306807
2448	10058.769625	0.243370
1417	5305.857758	0.267063
2947	11588.290879	0.254308
4699	19841.933843	0.236822
273	1260.403307	0.216597
1512	5742.954980	0.263279
6209	28562.585372	0.217382
2653	9727.820917	0.272723
1767	7015.664110	0.251865
714	2611.142052	0.273444
7947	35434.693684	0.224272
630	2474.860431	0.254560
4454	18011.097733	0.247292
692	2416.292916	0.286389
3135	12322.102516	0.254421
1925	7402.303052	0.260054
1020	3384.033588	0.301415
3164	12024.400509	0.263132
183	584.723184	0.312969
3082	12484.759174	0.246861
2797	10204.087345	0.274106
2185	8025.226639	0.272266
2553	11381.346981	0.224314
6072	28964.428903	0.209636
5890	24078.911578	0.244612
8586	38936.841918	0.220511
2086	8756.553456	0.238222
6052	29793.726282	0.203130
1286	5536.458324	0.232278
4827	21785.833488	0.221566
4874	21705.043444	0.224556
5246	24326.002405	0.215654
5689	25328.872958	0.224605
1881	7002.390654	0.268623
5886	25759.998839	0.228494
3327	13978.976435	0.238000
1456	4841.009025	0.300764
3688	15934.518258	0.231447
2378	8794.285508	0.270403
2088	8699.032974	0.240027
2003	7449.160390	0.268889
2128	9037.777460	0.235456
5434	21945.447468	0.247614
2704	10643.813435	0.254044
4001	15810.123889	0.253066
2185	10552.337396	0.207063
415	1365.823382	0.303846
986	3618.426694	0.272494
2265	8738.200011	0.259207
3380	14535.780967	0.232530
2061	8221.116950	0.250696
767	2920.954292	0.262585
1822	8049.851540	0.226340
885	3258.570806	0.271591
1911	7900.186198	0.241893
3791	14158.678207	0.267751
3719	17848.398183	0.208366
1173	4705.429519	0.249286
1198	4916.336727	0.243677
1857	9990.600937	0.185875
1758	7574.081086	0.232107
3511	17207.130093	0.204043
2006	7693.273832	0.260747
3814	15441.611793	0.246995
1410	5407.067127	0.260770
4058	15752.421158	0.257611
2868	11400.408485	0.251570
8467	34147.404953	0.247954
1097	4066.962419	0.269734
614	2211.095507	0.277690
2125	7570.427818	0.280697
8012	36563.293983	0.219127
2748	11406.099512	0.240924
6159	23795.746329	0.258828
2523	9866.368358	0.255717
1465	6180.514436	0.237035
353	1202.511255	0.293552
2116	8277.105379	0.255645
5318	23685.613871	0.224524
866	3020.616278	0.286696
9293	41212.079932	0.225492
648	2186.340065	0.296386
1444	5748.456216	0.251198
2173	8416.526551	0.258183
3357	13819.779805	0.242913
1729	7728.678299	0.223712
2111	12154.160464	0.173685
4066	15307.483391	0.265622
2446	10346.712905	0.236404
372	1478.714705	0.251570
4244	16483.863642	0.257464
703	2504.862497	0.280654
659	2368.591401	0.278224
1565	6697.340476	0.233675
591	2032.199781	0.290818
5350	23759.383414	0.225174
3041	12197.248261	0.249319
7558	29501.973493	0.256186
1633	5303.681749	0.307899
6739	29411.413638	0.229129
5083	21227.190169	0.239457
3545	14969.001384	0.236823
7292	30309.146095	0.240587
5847	22800.496668	0.256442
1931	7693.348087	0.250996
2841	11772.038597	0.241335
1959	7030.038054	0.278661
4978	21281.690129	0.233910
2874	12584.937500	0.228368
3459	13135.914527	0.263324
2666	9948.931978	0.267968
1962	6776.290425	0.289539
7532	31806.835065	0.236804
389	1528.392340	0.254516
973	3446.575569	0.282309
4075	16327.795062	0.249574
538	2038.936738	0.263863
3069	12888.141610	0.238126
344	1189.857253	0.289110
774	2744.312220	0.282038
2286	9957.983502	0.229565
4848	20014.225655	0.242228
9635	39060.698929	0.246667
4548	16820.544809	0.270384
788	3176.647030	0.248060
2546	9900.941507	0.257147
934	3467.736469	0.269340
169	590.261516	0.286314
700	2428.739960	0.288215
2205	9051.398524	0.243609
3635	13636.672657	0.266561
4452	17440.831180	0.255263
3799	14937.444944	0.254327
892	3124.508401	0.285485
3427	12329.928342	0.277942
2995	12450.705841	0.240549
1094	3805.437098	0.287483
3719	16305.049569	0.228089
4325	20845.098943	0.207483
1921	8389.201367	0.228985
4117	16099.350325	0.255725
4972	20617.292947	0.241157
1067	3867.519420	0.275887
1394	4690.855725	0.297174
4851	19432.697085	0.249631
2389	9198.056618	0.259729
4409	19669.706062	0.224152
1103	4207.468064	0.262153
4277	17186.381866	0.248860
1945	9070.042033	0.214442
274	870.907071	0.314615
4489	23197.624984	0.193511
2731	10741.455343	0.254249
494	1641.122951	0.301013
3946	14606.234050	0.270159
1417	5034.257596	0.281471
689	2697.653238	0.255407
239	830.287078	0.287852
4292	19336.421030	0.221965
5708	23024.462061	0.247910
2152	8860.241800	0.242883
2019	8541.070531	0.236387
1769	7117.620516	0.248538
463	1751.666084	0.264320
6180	25061.242008	0.246596
3689	15327.437492	0.240680
3135	12091.700582	0.259269
3579	14173.664388	0.252511
4058	16525.073822	0.245566
1014	4404.911530	0.230198
1644	6199.631011	0.265177
812	2906.064007	0.279416
1704	6306.731152	0.270188
1728	7448.649515	0.231988
5587	27846.495552	0.200636
1511	5995.090939	0.252040
902	3754.985160	0.240214
3688	14705.802714	0.250785
558	2206.381310	0.252903
3287	13780.184217	0.238531
2634	10120.782608	0.260257
5056	23167.340053	0.218238
3041	15301.487466	0.198739
6666	28863.337863	0.230950
7713	31886.311255	0.241891
4802	21958.944464	0.218681
4272	20841.861283	0.204972
10298	41249.122747	0.249654
1387	5405.237586	0.256603
905	3236.225826	0.279647
1046	4006.048509	0.261105
2296	10673.329547	0.215116
6667	28279.829892	0.235751
5987	27861.892728	0.214881
1826	8573.055465	0.212993
3718	15518.075830	0.239592
7649	33178.533564	0.230541
2202	9171.849310	0.240082
5247	21366.754020	0.245568
3931	17277.031902	0.227528
2957	10504.157604	0.281508
1696	6775.871844	0.250300
2139	8626.478478	0.247957
3901	15059.197503	0.259044
6093	24145.475902	0.252345
1768	6700.203167	0.263873
1666	7682.100898	0.216868
7459	32540.496923	0.229222
5930	24352.457813	0.243507
1097	5181.710283	0.211706
1626	8316.584813	0.195513
3523	14369.123247	0.245178
428	1633.561717	0.262004
91	281.172812	0.323644
4031	17393.706358	0.231750
1280	5860.407201	0.218415
2236	8598.193724	0.260055
1254	4800.640690	0.261215
2957	11421.433030	0.258899
5017	23164.276784	0.216583
1413	6115.900588	0.231037
4254	16351.420642	0.260161
3184	13576.835579	0.234517
3128	12760.994134	0.245122
755	3127.555910	0.241403
2494	10270.920930	0.242821
5912	27678.249681	0.213597
4374	18018.051754	0.242757
1853	8095.402642	0.228895
2848	12888.333209	0.220975
3271	14712.702970	0.222325
4251	16662.373160	0.255126
3061	11751.286860	0.260482
422	1655.591819	0.254894
7979	29540.344677	0.270105
6404	24499.063620	0.261398
3127	12081.227805	0.258831
1963	7293.636963	0.269139
1603	6662.390074	0.240604
380	1380.050723	0.275352
7674	31470.054736	0.243851
1742	6499.979538	0.268001
7710	32642.784346	0.236193
802	3067.050979	0.261489
2708	9815.412146	0.275893
1908	6692.060759	0.285114
5872	24315.164193	0.241495
237	832.926622	0.284539
1600	7059.908176	0.226632
2769	10568.426157	0.262007
7359	30144.529573	0.244124
636	2260.380520	0.281369
881	3159.922991	0.278804
8049	37585.969643	0.214149
7283	30903.867463	0.235666
5578	24943.477472	0.223626
3072	12819.632598	0.239632
2018	7768.454286	0.259769
1371	4798.320231	0.285725
511	1895.030331	0.269653
838	2955.957549	0.283495
196	744.648986	0.263211
4049	17844.239818	0.226908
1425	5881.231923	0.242296
2491	10399.730951	0.239525
4413	18190.517667	0.242599
960	3408.429698	0.281655
8892	36840.869446	0.241362
2495	12270.293534	0.203337
854	3279.535313	0.260403
6387	27424.090124	0.232897
3666	13962.548153	0.262560
2809	14233.732306	0.197348
4514	17734.125464	0.254538
1345	5885.831553	0.228515
173	542.245469	0.319044
4049	17933.686852	0.225776
1351	4887.186538	0.276437
468	1440.897317	0.324798
5393	22439.852175	0.240331
1922	8505.051014	0.225983
1547	6036.379339	0.256279
4442	16550.337150	0.268393
5364	21594.454435	0.248397
4745	19905.653218	0.238374
902	3710.298366	0.243107
3696	17966.683549	0.205714
4211	15770.610859	0.267016
640	2267.833698	0.282208
4254	18276.331414	0.232760
2476	9525.397006	0.259937
700	2188.011907	0.319925
2344	9599.914232	0.244169
6468	23696.352560	0.272953
3013	12115.759142	0.248684
6321	27452.159126	0.230255
7856	32015.153146	0.245384
2331	9046.913214	0.257657
710	2919.043164	0.243230
1060	3675.389848	0.288405
2751	11997.306742	0.229301
3337	12723.979858	0.262261
1347	5569.861541	0.241837
888	3328.903790	0.266754
1301	5089.038548	0.255648
5094	22573.811540	0.225660
4596	16738.920474	0.274570
610	2116.956365	0.288150
1149	4540.945275	0.253031
5036	24632.134369	0.204448
802	3080.907490	0.260313
5722	22538.708675	0.253874
254	1085.295454	0.234038
7827	34479.481310	0.227005
775	2858.766216	0.271096
1147	6371.625688	0.180017
7794	31458.472032	0.247755
6059	24256.952754	0.249784
6356	27062.961559	0.234860
5361	23141.993117	0.231657
7777	32144.355946	0.241940
5445	23536.343648	0.231344
8402	35054.050719	0.239687
2156	9734.735741	0.221475
1067	3602.147757	0.296212
1051	4103.466751	0.256125
6371	26685.160848	0.238747
191	705.893838	0.270579
6765	26703.122929	0.253341
2498	10086.965755	0.247646
3334	13155.511845	0.253430
3359	16781.012485	0.200167
1572	5635.355729	0.278953
1661	6737.094206	0.246545
2919	12621.576388	0.231271
5425	21732.542331	0.249626
1246	4565.592774	0.272911
6578	28674.355401	0.229404
4810	18730.712745	0.256797
972	3886.037738	0.250126
4224	16866.211669	0.250442
774	3346.595723	0.231280
6070	25696.310072	0.236221
1873	7793.765530	0.240320
740	2784.710308	0.265737
2177	7824.881976	0.278215
3040	12374.308534	0.245670
376	1674.838284	0.224499
344	1115.788869	0.308302
1408	5420.346543	0.259762
781	2550.328713	0.306235
3927	15118.567614	0.259747
5051	23941.629402	0.210971
7265	29622.411284	0.245253
2621	10767.301915	0.243422
506	1790.847908	0.282548
4517	19441.738799	0.232335
5413	21890.026531	0.247282
679	2401.966945	0.282685
229	728.283623	0.314438
904	2977.510039	0.303609
4128	16145.721170	0.255671
4180	17726.490953	0.235805
2680	10406.728739	0.257526
1582	5911.113632	0.267631
1109	3692.721938	0.300320
404	1438.749051	0.280799
2610	11891.828905	0.219478
2025	9657.652887	0.209678
4528	17473.733462	0.259132
287	1137.823039	0.252236
3783	16259.153830	0.232669
6391	27606.652632	0.231502
5306	22831.702211	0.232396
3571	15132.169900	0.235987
5340	24344.029569	0.219356
1712	7296.285141	0.234640
835	3300.254855	0.253011
577	1814.189190	0.318048
2541	9542.564298	0.266281
1067	4381.455798	0.243526
672	3135.008449	0.214353
377	1333.158577	0.282787
2421	9692.256034	0.249787
5159	22160.539395	0.232801
956	4213.253383	0.226903
2550	9571.179626	0.266425
7253	29861.703710	0.242886
5925	23608.303913	0.250971
6211	26555.180984	0.233890
438	1683.858524	0.260117
3344	12351.338915	0.270740
926	3958.553566	0.233924
4861	18378.955773	0.264487
5816	23222.091114	0.250451
843	3365.048539	0.250516
2290	9857.701908	0.232306
8093	34393.608997	0.235305
3212	12467.311860	0.257634
3391	14782.546256	0.229392
902	3967.521212	0.227346
890	3134.412032	0.283945
1229	5570.515743	0.220626
4143	17106.357884	0.242191
2181	9212.860810	0.236734
176	675.597671	0.260510
5371	23625.752950	0.227337
515	1658.153510	0.310586
6914	30574.146634	0.226139
3140	12207.396074	0.257221
1592	7027.490810	0.226539
1941	7899.877065	0.245700
769	2673.569064	0.287630
1581	5711.886276	0.276791
5913	27016.477127	0.218866
4915	19736.023026	0.249037
6548	25865.137628	0.253159
2424	9749.473944	0.248629
2665	10005.946135	0.266342
3850	15719.331518	0.244921
123	379.649452	0.323983
316	1015.903797	0.311053
2438	10378.469610	0.234909
2966	11762.753837	0.252152
2510	10106.217855	0.248362
615	1993.659874	0.308478
1950	7157.606655	0.272437
1573	5787.372175	0.271799
3925	16964.826948	0.231361
2382	9239.945890	0.257794
5935	27739.470137	0.213955
5341	23162.009211	0.230593
996	4030.911659	0.247091
2512	9635.167863	0.260712
942	3404.743270	0.276673
3500	19255.532544	0.181766
2868	10858.781480	0.264118
2167	9044.924965	0.239582
7872	30162.424671	0.260987
5186	19713.496614	0.263069
1973	6985.852341	0.282428
1771	9915.383624	0.178611
1344	6304.641977	0.213176
202	592.630473	0.340853
902	3691.234078	0.244363
4472	19226.542236	0.232595
1552	6122.591855	0.253487
3371	14807.503535	0.227655
677	2568.063909	0.263623
3364	12322.349850	0.273000
3524	14012.681165	0.251486
5130	21034.101696	0.243890
263	924.001481	0.284632
3655	16854.216113	0.216860
965	3427.081632	0.281581
2594	9879.015528	0.262577
2959	11489.166994	0.257547
5611	25064.351597	0.223864
3834	14264.808269	0.268773
752	2832.287809	0.265510
4733	20031.142900	0.236282
2952	12168.573543	0.242592
3424	13862.910531	0.246990
6066	24387.405941	0.248735
1715	7182.380675	0.238779
1608	5866.035887	0.274120
4705	17207.098501	0.273434
2790	10217.060651	0.273073
605	2020.963095	0.299362
1062	4663.499720	0.227726
7024	29471.805440	0.238329
1895	7165.438345	0.264464
6442	25862.988835	0.249082
539	2197.007827	0.245334
5762	24497.057834	0.235212
3529	14744.826430	0.239338
3432	13761.508261	0.249391
5137	21462.027332	0.239353
7713	34132.607103	0.225972
289	983.584035	0.293823
1726	7045.451051	0.244981
6138	26263.002105	0.233713
614	2148.463416	0.285786
716	2547.208055	0.281092
294	882.094153	0.333298
1966	7714.742284	0.254837
719	3500.319479	0.205410
2403	8968.527715	0.267937
8342	40013.983945	0.208477
5256	22731.852857	0.231217
6196	28898.637270	0.214405
5741	25020.201717	0.229455
2873	11700.114758	0.245553
3240	12300.191859	0.263411
543	2059.958810	0.263598
2621	10190.141290	0.257209
3374	15220.373655	0.221677
5462	22290.861780	0.245033
4253	15955.241385	0.266558
2975	10968.295112	0.271236
2199	8164.325360	0.269343
1476	6332.448020	0.233085
1474	5424.341561	0.271738
5363	23379.111274	0.229393
1990	9400.862657	0.211683
545	2190.723873	0.248776
402	1296.862992	0.309979
2004	7625.385417	0.262806
638	2158.344829	0.295597
1002	3820.508738	0.262269
4392	24762.326378	0.177366
2939	11906.525835	0.246839
756	2887.707038	0.261799
1211	4398.255846	0.275336
3246	14300.041938	0.226992
6217	31298.887909	0.198633
672	2480.051699	0.270962
968	3510.447366	0.275748
986	3757.596631	0.262402
3800	15410.408927	0.246587
247	840.633430	0.293826
5815	28411.654721	0.204670
1711	7086.845833	0.241433
854	2864.059096	0.298178
744	2575.033763	0.288928
593	2266.836550	0.261598
2275	9578.235034	0.237518
1517	6431.532794	0.235869
2571	10196.025506	0.252157
8960	39207.718739	0.228526
4729	21140.762101	0.223691
384	1292.776526	0.297035
4128	19098.159059	0.216146
1215	4346.977842	0.279505
1181	5048.529227	0.233930
1172	4031.832132	0.290687
1578	6106.676585	0.258406
6425	28882.047286	0.222457
2393	8838.498031	0.270747
1056	4206.969622	0.251012
1186	5104.199053	0.232358
504	1637.126695	0.307856
906	3741.959258	0.242119
1695	6437.375400	0.263306
505	1713.958602	0.294640
964	3704.250620	0.260242
5612	23049.165891	0.243480
3492	13613.242998	0.256515
2967	17713.389640	0.167500
2546	9873.770559	0.257855
450	1622.069639	0.277423
715	2706.108108	0.264217
5562	21808.388440	0.255039
4861	21883.632515	0.222129
6419	25481.550234	0.251908
10078	42607.281150	0.236532
5480	24734.772354	0.221550
5288	21344.767222	0.247742
2827	10200.547523	0.277142
1128	4136.382616	0.272702
5666	28516.607987	0.198691
1480	5231.535734	0.282900
3880	14358.669119	0.270220
4219	18667.570167	0.226007
6068	28455.169299	0.213248
4584	20487.940778	0.223741
1054	3596.395308	0.293071
5220	19930.815052	0.261906
1580	5499.933906	0.287276
440	1419.411693	0.309988
4592	16648.631090	0.275818
3124	13638.202080	0.229062
2195	8753.514073	0.250756
1452	5237.101570	0.277253
854	3251.898824	0.262616
158	672.352511	0.234996
1975	8207.331892	0.240638
2279	10657.473523	0.213841
3123	12042.922701	0.259322
1807	6586.747441	0.274339
4178	16649.982108	0.250931
2719	10363.666914	0.262359
895	3245.341323	0.275780
713	2529.063192	0.281923
754	2971.628745	0.253733
1668	7093.593493	0.235142
487	1610.500689	0.302390
3926	17679.770707	0.222062
6694	29143.646370	0.229690
2298	8280.768152	0.277510
1356	4703.706685	0.288283
1378	5049.093603	0.272920
2217	8536.870098	0.259697
1144	4791.101362	0.238776
4384	24211.987804	0.181067
2157	8050.630205	0.267929
2118	8116.336022	0.260955
669	2313.106517	0.289221
1630	6403.702792	0.254540
3040	13114.538267	0.231804
4932	21671.160927	0.227584
5203	26605.134412	0.195564
2113	8592.646696	0.245908
2898	11273.407836	0.257065
1835	7295.600313	0.251521
300	930.269118	0.322487
3809	15859.572074	0.240170
1137	4837.043960	0.235061
6876	29599.763015	0.232299
570	2885.200789	0.197560
424	1547.777957	0.273941
7973	33780.198105	0.236026
1103	4349.822394	0.253574
5979	26182.107346	0.228362
2417	9571.828099	0.252512
2204	8459.395894	0.260539
5691	22474.037115	0.253226
933	3362.856447	0.277443
238	728.020692	0.326914
4140	17969.024782	0.230396
7127	28868.686744	0.246876
63	151.053432	0.417071
1176	5041.016472	0.233286
1762	7641.890491	0.230571
3954	15377.282075	0.257133
7005	30151.857210	0.232324
2278	10207.474760	0.223170
1003	3191.137288	0.314308
2208	9198.270497	0.240045
877	3000.600225	0.292275
3089	13103.546785	0.235738
2598	10417.856028	0.249380
1794	6934.118900	0.258721
557	1918.614866	0.290314
4736	18668.785945	0.253685
1988	8487.951623	0.234214
4963	25025.648971	0.198317
910	3300.361436	0.275727
750	3108.927855	0.241241
303	1092.205466	0.277420
134	408.164664	0.328299
435	1361.891199	0.319409
909	2910.689758	0.312297
3231	13166.078902	0.245403
1369	5843.410296	0.234281
314	1142.768584	0.274771
4443	19225.097745	0.231104
7526	31404.316378	0.239649
94	278.294552	0.337772
531	1793.896307	0.296004
2958	12002.435775	0.246450
8635	38758.842955	0.222788
3510	14596.447281	0.240469
1556	6893.083916	0.225734
1919	7381.075708	0.259989
3622	14904.050799	0.243021
1221	4338.758097	0.281417
5165	20438.201946	0.252713
850	3323.790195	0.255732
3182	13889.558396	0.229093
6065	25911.336394	0.234067
1520	6340.596999	0.239725
910	3923.248565	0.231951
1456	5963.451417	0.244154
8635	37742.946458	0.228784
1797	6781.215975	0.264997
4702	17709.378893	0.265509
4533	17919.408003	0.252966
3778	15369.558212	0.245811
8644	34296.769280	0.252035
233	703.882418	0.331021
107	365.887160	0.292440
2063	8031.601998	0.256860
2206	8745.203461	0.252253
2911	13141.902042	0.221505
2303	9281.154065	0.248137
6528	23635.084355	0.276200
2562	11126.676938	0.230257
1787	8144.698123	0.219407
3273	12367.315972	0.264649
1198	4446.462046	0.269428
1299	5044.285935	0.257519
2388	9957.973244	0.239808
2462	9835.506111	0.250318
1500	6587.858685	0.227692
3284	13981.823070	0.234876
2596	12014.847299	0.216066
4828	18029.316511	0.267786
1336	4867.871898	0.274453
208	756.221670	0.275052
874	3221.802617	0.271277
2138	8350.570487	0.256030
3692	16171.239827	0.228307
1205	4310.338842	0.279560
2217	8237.333627	0.269140
5351	23802.103994	0.224812
882	3344.314946	0.263731
1596	6168.857049	0.258719
543	2285.089571	0.237627
3479	13329.785549	0.260994
1462	4879.674325	0.299610
2323	8764.640295	0.265042
71	200.797830	0.353589
2120	7460.914040	0.284147
3704	14348.516056	0.258145
2192	8679.593468	0.252546
4006	16569.735375	0.241766
1639	6522.688711	0.251277
4766	16856.217882	0.282744
9058	36436.133864	0.248599
2914	12548.755556	0.232214
803	2924.757100	0.274553
2868	10517.921140	0.272677
4936	18659.277886	0.264533
1812	6225.922298	0.291041
6965	33095.228236	0.210453
5784	24780.888778	0.233406
2259	10173.630586	0.222045
3219	13146.120267	0.244863
1533	5870.829499	0.261122
753	2401.892348	0.313503
4982	20955.671687	0.237740
229	987.330231	0.231939
5104	20174.620715	0.252991
3112	11402.658490	0.272919
1096	3934.184362	0.278584
2158	10104.500155	0.213568
7161	30914.952882	0.231635
1030	3577.232955	0.287932
1175	4902.031920	0.239697
1662	6035.841175	0.275355
460	1564.138782	0.294092
609	1970.376095	0.309078
322	1214.538048	0.265121
3719	15079.921725	0.246619
595	2012.223468	0.295693
1990	8568.157434	0.232255
2234	8419.119541	0.265348
4426	17395.289045	0.254437
2000	8218.001573	0.243368
5543	22846.757831	0.242616
1147	5144.113806	0.222973
782	2630.152958	0.297321
3132	12933.066459	0.242170
6943	27098.876377	0.256210
3194	15580.216507	0.205004
5269	22842.616317	0.230665
8152	32551.798581	0.250432
807	2794.564914	0.288775
5627	29365.126240	0.191622
5646	23804.379874	0.237183
414	1288.218429	0.321374
801	2763.981958	0.289799
4399	17860.932329	0.246292
4257	16941.868145	0.251271
6565	32429.919746	0.202437
1475	6590.456884	0.223808
1240	4924.311325	0.251812
7168	28873.768287	0.248253
1014	4106.342279	0.246935
732	2947.862768	0.248315
2286	8774.456314	0.260529
2476	12038.279089	0.205677
1024	3847.643769	0.266137
1874	7662.966653	0.244553
4201	21428.109557	0.196051
516	1918.435825	0.268969
8588	35628.139407	0.241045
307	975.756874	0.314628
4232	16600.548354	0.254931
1404	7029.661785	0.199725
152	536.172487	0.283491
954	3551.594009	0.268612
1796	6964.544758	0.257878
2689	11075.568586	0.242787
171	729.808983	0.234308
4378	17084.674563	0.256253
2138	8176.610074	0.261478
7392	32350.013012	0.228501
627	2071.069151	0.302742
7220	28035.492719	0.257531
5346	22544.229695	0.237134
654	2354.446988	0.277772
2899	13567.112313	0.213678
4021	20124.133153	0.199810
2023	8304.731792	0.243596
4194	18744.195436	0.223749
2755	10081.073316	0.273284
3190	11803.192150	0.270266
896	3327.618105	0.269262
4277	17886.932415	0.239113
4774	19214.109222	0.248463
4085	16266.387182	0.251131
883	3357.315764	0.263008
1099	5153.304578	0.213261
2351	10774.999945	0.218190
681	2365.209652	0.287924
510	1617.237256	0.315353
5854	26637.043779	0.219769
3839	15306.074561	0.250815
2082	8395.774795	0.247982
5953	24660.579585	0.241397
2436	10043.621723	0.242542
9212	38350.972542	0.240203
2813	10568.614866	0.266165
4780	18925.285040	0.252572
537	1989.133871	0.269967
3609	13271.323007	0.271940
4888	19655.856408	0.248679
4507	16957.106336	0.265788
729	3261.633647	0.223508
5942	24467.674378	0.242851
435	1479.257390	0.294066
3301	12567.832276	0.262655
1813	6394.209778	0.283538
733	2492.212189	0.294116
203	668.700437	0.303574
5469	21360.500667	0.256033
1419	5603.479767	0.253235
1787	6571.462934	0.271933
1150	3951.238399	0.291048
3115	13914.805682	0.223862
2038	7847.242070	0.259709
3117	12050.605645	0.258659
5845	25031.580115	0.233505
256	866.787414	0.295343
1229	4334.397718	0.283546
3118	11564.439169	0.269620
7341	36314.264118	0.202152
3231	12589.368199	0.256645
8152	35745.116672	0.228059
104	382.201723	0.272108
7875	31563.105157	0.249500
257	928.495072	0.276792
964	3332.316175	0.289288
4428	17192.415004	0.257555
5640	27333.759646	0.206338
981	3371.970660	0.290928
2346	9628.048571	0.243663
1627	8455.665014	0.192415
3262	12341.793830	0.264305
3014	11679.398231	0.258061
3022	12008.218897	0.251661
2483	9251.721338	0.268382
3748	15056.540304	0.248928
827	3113.942283	0.265580
2377	8806.870130	0.269903
712	2628.022381	0.270926
1074	4139.679139	0.259440
1535	6309.502798	0.243284
1318	4988.527700	0.264206
2467	10808.497527	0.228246
6055	23491.304369	0.257755
4195	17603.166916	0.238309
5503	25288.396688	0.217610
5603	23701.094112	0.236403
4880	20814.609084	0.234451
1923	8994.909262	0.213788
2246	8765.489176	0.256232
2471	10199.085249	0.242277
458	1577.283861	0.290373
696	2568.377736	0.270988
1595	5865.012557	0.271952
6434	26881.476721	0.239347
941	3452.749184	0.272536
4146	17167.683302	0.241500
6331	28478.702013	0.222306
2524	11967.723895	0.210901
1805	7128.311390	0.253216
6472	29274.154030	0.221082
1330	5557.307073	0.239325
3657	14604.257666	0.250406
6099	27947.664056	0.218229
1199	3765.833391	0.318389
5273	22041.958176	0.239226
2246	8294.859101	0.270770
7304	29041.171307	0.251505
1562	5998.440396	0.260401
2998	13008.201905	0.230470
1947	6965.385853	0.279525
2659	10187.357941	0.261010
5348	21628.201734	0.247270
1137	5074.744598	0.224051
1788	6625.434275	0.269869
850	3192.931822	0.266213
3926	14701.304252	0.267051
543	1781.560335	0.304789
5557	25706.516654	0.216171
860	3031.710048	0.283668
454	1723.697464	0.263387
229	739.269098	0.309765
2089	7992.915134	0.261356
1553	6981.259456	0.222453
1613	6171.792924	0.261350
1199	4678.709692	0.256267
1072	3992.684963	0.268491
4143	18429.810319	0.224799
5911	28460.038012	0.207695
1922	7419.664001	0.259041
3433	14421.877745	0.238041
4137	15323.796868	0.269972
5075	20141.378876	0.251969
2163	8533.271373	0.253478
633	2595.138529	0.243918
1009	3640.161903	0.277185
1267	4475.694279	0.283085
3179	12823.133155	0.247911
1431	5296.522320	0.270177
2569	10065.562327	0.255227
1768	7126.341142	0.248094
984	3239.126854	0.303786
1517	6919.649339	0.219231
3971	15489.512273	0.256367
3018	12401.319873	0.243361
892	6347.880984	0.140519
6935	31389.799735	0.220932
4520	18459.720375	0.244857
4424	17320.820312	0.255415
4284	21677.039250	0.197628
6620	29668.266074	0.223134
3713	17065.579138	0.217572
2324	9009.504236	0.257950
5629	24846.201906	0.226554
6094	25965.882338	0.234693
3227	13856.963508	0.232879
2336	10164.344119	0.229823
2701	11234.753187	0.240415
5377	25791.165324	0.208482
1880	7533.170762	0.249563
3852	16513.290254	0.233267
641	2374.928895	0.269903
697	3023.254022	0.230546
5716	25294.366291	0.225979
3618	15192.242868	0.238148
6532	29971.820267	0.217938
2295	10040.682518	0.228570
3562	14910.795088	0.238887
2281	9915.689601	0.230039
3832	15719.734153	0.243770
3801	14193.393482	0.267801
1702	6402.859186	0.265819
5089	22926.801055	0.221967
191	593.395373	0.321876
769	2706.403704	0.284141
3527	14748.991024	0.239135
2872	12234.528883	0.234745
3684	13505.779859	0.272772
3660	14196.339923	0.257813
8027	34579.359074	0.232133
682	2225.047216	0.306510
3037	14112.166813	0.215204
440	2023.717964	0.217422
2780	11303.848328	0.245934
784	3385.864625	0.231551
6560	28414.913016	0.230865
4793	20959.569897	0.228678
318	1064.487509	0.298735
492	1536.963101	0.320112
1401	7688.127671	0.182229
9016	37630.450436	0.239593
2785	10548.843746	0.264010
4291	15629.686097	0.274542
3932	17970.351670	0.218805
1097	4347.011634	0.252357
1927	7118.497463	0.270703
8001	32369.545650	0.247177
1442	6927.925472	0.208143
1837	7709.195445	0.238287
2029	8865.359468	0.228868
6761	28323.343806	0.238708
1555	6409.118421	0.242623
1459	5626.976198	0.259287
1957	7383.319629	0.265057
5664	25298.511029	0.223887
2655	10590.885720	0.250687
3319	13210.233812	0.251245
5034	21817.901899	0.230728
6503	31144.411739	0.208802
1578	5701.586493	0.276765
159	484.833678	0.327948
1532	5449.826234	0.281110
841	3345.662910	0.251370
1167	5202.908563	0.224298
584	1881.139466	0.310450
700	2369.757107	0.295389
754	3128.139414	0.241038
2784	11436.573435	0.243430
3184	12492.635051	0.254870
6516	26031.068631	0.250316
4706	17831.165514	0.263920
3831	16916.655357	0.226463
3261	13276.669286	0.245619
400	1389.531554	0.287867
1645	6579.983006	0.250001
5388	21328.954867	0.252614
1101	3726.312301	0.295466
741	2967.775479	0.249682
349	1520.182972	0.229578
6111	25523.353291	0.239428
7212	29805.037307	0.241973
2356	9499.631750	0.248010
759	2787.896170	0.272248
2133	7797.551568	0.273547
590	2013.977877	0.292953
2118	8737.423265	0.242406
2839	11157.381130	0.254450
2884	11954.538964	0.241247
5773	23501.017658	0.245649
3209	13759.078997	0.233228
5118	21162.653204	0.241841
7642	34567.102561	0.221077
313	1109.378780	0.282140
2566	9520.931633	0.269511
3248	12442.011876	0.261051
826	2779.290648	0.297198
1137	4413.731461	0.257605
1126	4421.354627	0.254673
385	1502.594015	0.256224
3279	16299.524348	0.201172
948	3875.626266	0.244606
5485	27328.224037	0.200708
5163	20126.512468	0.256527
4543	16943.119618	0.268132
1181	5575.726092	0.211811
440	1891.675420	0.232598
4800	19997.350358	0.240032
1136	4302.400343	0.264039
552	1997.956452	0.276282
772	2947.557291	0.261912
3573	14766.963712	0.241959
4136	17272.506982	0.239456
476	1625.154567	0.292895
6856	29018.045871	0.236267
275	951.739386	0.288945
490	2644.057070	0.185321
3842	15764.398078	0.243714
5233	20031.347748	0.261241
2787	10984.763626	0.253715
1901	7216.862372	0.263411
1116	4304.375949	0.259271
1141	4324.114817	0.263869
4829	24695.057211	0.195545
1956	7920.450351	0.246956
1799	8733.468397	0.205989
1672	7043.698740	0.237375
707	2535.143752	0.278880
3989	16841.709795	0.236852
4910	19677.646116	0.249522
6236	27840.971573	0.223986
5426	22148.421122	0.244984
6257	30266.569547	0.206730
946	3159.205906	0.299442
6483	27572.817453	0.235123
465	1641.346659	0.283304
6756	31585.183456	0.213898
3749	16128.760022	0.232442
5669	24757.362175	0.228982
5874	26252.030528	0.223754
956	4025.907196	0.237462
3703	14876.943963	0.248909
1140	4381.747856	0.260170
2441	9721.430627	0.251095
2591	11976.383291	0.216342
2586	10575.567358	0.244526
9099	38333.338180	0.237365
2588	10299.198321	0.251282
2189	7866.834099	0.278257
3111	12158.381224	0.255873
8746	39842.907388	0.219512
1530	5969.896152	0.256286
3329	13086.581724	0.254383
5458	21859.348396	0.249687
8087	32869.053036	0.246037
543	1900.035767	0.285784
5626	30366.802000	0.185268
1279	4496.827276	0.284423
245	943.996101	0.259535
3274	17919.824567	0.182703
4664	18514.680303	0.251908
1093	3997.114912	0.273447
2983	11946.136615	0.249704
3144	12544.750947	0.250623
642	2758.957863	0.232697
7300	30843.107280	0.236682
4915	19243.480055	0.255411
2475	8420.212190	0.293936
107	299.295057	0.357507
2243	7784.125164	0.288151
6491	26540.938723	0.244566
395	1300.077065	0.303828
4227	20634.936863	0.204847
2901	12226.281195	0.237276
92	285.243995	0.322531
1490	5132.538158	0.290305
1276	4548.025658	0.280561
4404	19807.490876	0.222340
2046	7050.380977	0.290197
1118	4297.506878	0.260151
3605	14064.373376	0.256321
1154	3875.475159	0.297770
2532	9728.422046	0.260268
1753	7047.186548	0.248752
4195	16676.780218	0.251547
318	1080.599195	0.294281
6924	29324.930687	0.236113
901	3073.011532	0.293198
2659	10681.253182	0.248941
1591	6237.683296	0.255063
527	1759.833481	0.299460
7643	33788.655397	0.226200
91	278.359639	0.326915
1166	4687.106940	0.248768
193	609.001973	0.316912
2851	10571.161893	0.269696
121	461.974237	0.261919
3834	15851.551480	0.241869
3333	12287.495527	0.271251
2296	9039.739000	0.253990
3190	13670.678331	0.233346
4052	19730.529046	0.205367
2315	8960.501883	0.258356
2952	11144.377871	0.264887
4470	18040.065386	0.247782
962	4172.840708	0.230538
5069	19968.246657	0.253853
2322	9554.983514	0.243015
6799	28201.732657	0.241084
2151	8584.833200	0.250558
5009	20654.580370	0.242513
4872	24088.988285	0.202250
2012	7941.381998	0.253356
5576	25629.502519	0.217562
2247	9808.584322	0.229085
3786	13823.874369	0.273874
4985	20679.897893	0.241055
6788	28202.871923	0.240685
2008	7689.854764	0.261123
4080	15426.396552	0.264482
798	2692.256835	0.296406
1378	5632.523955	0.244651
1013	3572.800551	0.283531
318	1221.982068	0.260233
4898	21642.248800	0.226317
838	3144.768663	0.266474
2980	11935.760706	0.249670
3340	13026.296695	0.256404
829	3785.340353	0.219003
633	2052.928379	0.308340
1000	3410.270112	0.293232
792	3620.677025	0.218744
1230	5080.807353	0.242088
955	3811.902613	0.250531
5443	23163.579397	0.234981
1140	4366.714231	0.261066
496	2439.094668	0.203354
1601	6169.830260	0.259489
4114	17595.153259	0.233814
1286	5813.251611	0.221219
3064	15295.856293	0.200316
591	2651.262421	0.222913
1527	6025.447959	0.253425
203	732.396408	0.277172
619	2704.723350	0.228859
6988	28418.771317	0.245894
298	910.295542	0.327366
4626	19566.469916	0.236425
1759	7278.601060	0.241667
968	4971.811159	0.194698
9159	39637.977435	0.231066
3133	12223.157492	0.256317
686	2184.170462	0.314078
3309	12423.439072	0.266351
640	2400.046127	0.266662
2163	8259.394503	0.261884
1093	4109.453007	0.265972
3021	12142.786487	0.248790
1197	4161.062134	0.287667
2577	10915.013871	0.236097
5388	21487.952459	0.250745
5035	25002.812547	0.201377
1047	4119.311890	0.254169
833	2614.033271	0.318665
319	1048.039648	0.304378
4947	20407.331241	0.242413
425	1588.907010	0.267479
2839	11514.110895	0.246567
1568	6271.756287	0.250010
4637	17777.482358	0.260836
6578	24722.504994	0.266073
7154	32060.240620	0.223142
5198	21615.952380	0.240471
1171	4855.801986	0.241155
5646	25923.207992	0.217797
7271	29891.665181	0.243245
7644	28558.842355	0.267658
1204	4252.008081	0.283160
4858	19710.061804	0.246473
1138	4238.594657	0.268485
133	459.755739	0.289284
1330	4635.570502	0.286912
1324	4746.179491	0.278961
949	3582.782805	0.264878
4746	19267.902806	0.246316
1025	3897.159460	0.263012
6801	27927.951069	0.243519
2912	10944.476945	0.266070
3634	14078.167043	0.258130
4271	20583.736164	0.207494
3333	12689.329787	0.262662
2135	9235.195483	0.231181
5541	22859.387271	0.242395
5152	21583.044272	0.238706
1006	3629.074895	0.277206
1890	7377.751610	0.256176
172	552.802881	0.311142
3395	16585.979844	0.204691
335	1163.158891	0.288009
1062	4121.930698	0.257646
3452	13522.096654	0.255286
6288	25629.667703	0.245341
5754	26347.954184	0.218385
740	3123.929023	0.236881
424	1882.477725	0.225235
1905	7159.344408	0.266086
488	1466.183980	0.332837
7512	32199.132162	0.233298
3068	11608.946188	0.264279
3822	17930.235639	0.213159
500	1558.135897	0.320896
1115	4360.144458	0.255725
8802	35624.338116	0.247078
6790	29396.246990	0.230982
3889	15157.062218	0.256580
5701	28166.084542	0.202407
874	2795.323719	0.312665
2291	12302.720800	0.186219
6431	25113.946352	0.256073
9909	40812.868478	0.242791
301	1325.386348	0.227104
4706	21781.363318	0.216056
2809	12272.752644	0.228881
4574	18984.406961	0.240935
1869	7540.903250	0.247848
117	392.298453	0.298242
4513	18106.728332	0.249244
3245	13013.115949	0.249364
2934	11899.632904	0.246562
407	1286.477614	0.316368
2631	10185.705895	0.258303
911	3298.268381	0.276206
3830	15549.376319	0.246312
612	1873.588615	0.326646
2632	10995.043202	0.239381
5184	20715.770521	0.250244
1546	6749.495560	0.229054
424	1311.196929	0.323369
400	1426.147328	0.280476
3096	12896.653821	0.240062
2444	10981.956967	0.222547
2851	17056.822102	0.167147
2102	8595.691954	0.244541
1931	8630.597190	0.223739
4579	18015.855296	0.254165
1858	7703.335725	0.241194
5733	24535.778051	0.233659
946	4097.028267	0.230899
3646	14601.392425	0.249702
4178	18004.542752	0.232053
1547	5585.071547	0.276988
2363	8609.702186	0.274458
6037	29119.521270	0.207318
3709	16423.965222	0.225829
2121	8113.516811	0.261416
2820	11508.589361	0.245034
401	1229.040942	0.326271
8081	33242.086076	0.243095
1444	5036.499234	0.286707
1064	4088.579661	0.260237
1535	5894.494215	0.260413
3540	13953.777697	0.253695
6124	27483.390005	0.222825
8245	36858.084604	0.223696
2439	10003.715225	0.243809
1190	4595.219428	0.258965
523	2336.663150	0.223823
609	3133.006232	0.194382
1591	5364.202190	0.296596
5416	20452.279379	0.264812
2628	10438.424738	0.251762
742	2757.051525	0.269128
3586	13596.869652	0.263737
1281	5142.845634	0.249084
5201	25015.106024	0.207914
1296	5148.917190	0.251703
4797	25278.913959	0.189763
2836	12645.205958	0.224275
4817	21096.649822	0.228330
690	2357.186498	0.292722
569	2338.355795	0.243333
444	1439.916465	0.308351
1893	7098.888964	0.266661
4650	18976.741962	0.245037
4463	18817.829044	0.237169
2414	11056.445787	0.218334
4612	18720.664861	0.246359
4009	17211.139895	0.232931
1073	3995.618091	0.268544
1952	7446.564523	0.262134
7886	36014.406802	0.218968
366	1208.859156	0.302765
1690	6193.297968	0.272876
834	3594.890543	0.231996
3373	14275.396506	0.236281
3273	12315.596727	0.265761
5835	24540.290715	0.237772
184	609.302310	0.301985
2161	9359.020472	0.230900
1194	4157.964389	0.287160
6469	30911.786623	0.209273
860	3066.933018	0.280410
1980	6912.436008	0.286440
7905	31536.087217	0.250665
4083	16306.727266	0.250387
4154	17107.208014	0.242822
2130	8261.701536	0.257816
1303	4751.278762	0.274242
2807	11358.924395	0.247118
6766	27068.427466	0.249959
8905	40965.376125	0.217379
7165	30513.353895	0.234815
1392	5610.220204	0.248119
1502	6596.071434	0.227711
1732	6776.356238	0.255595
1164	3856.383756	0.301837
1362	5807.484850	0.234525
913	4063.342602	0.224692
3219	12370.977692	0.260206
4801	23959.662248	0.200378
3720	16320.121006	0.227939
2598	11346.426849	0.228971
4374	18329.959941	0.238626
1263	4851.943041	0.260308
872	3063.476122	0.284644
1977	8890.787808	0.222365
1172	3975.226164	0.294826
154	481.958034	0.319530
3036	12387.447682	0.245087
1292	5476.278431	0.235927
1683	6440.997799	0.261295
1951	6952.673113	0.280611
6245	25156.677281	0.248244
2385	11144.915172	0.213999
2745	11262.749350	0.243724
677	2364.572703	0.286310
2083	7631.745091	0.272939
670	2819.910626	0.237596
1428	5813.383126	0.245640
1269	4565.150146	0.277976
739	2677.761395	0.275977
2952	10946.050531	0.269686
7085	34653.124839	0.204455
302	1069.504998	0.282374
892	2912.740713	0.306241
1422	5515.354825	0.257826
6528	26274.097939	0.248458
1484	6415.607113	0.231311
498	1755.942039	0.283608
265	924.279267	0.286710
4725	18800.920519	0.251317
3103	13035.067867	0.238050
5052	21424.447089	0.235805
9510	40426.279917	0.235243
1753	7059.556986	0.248316
6789	26522.574016	0.255971
9159	36698.271494	0.249576
1988	7159.500948	0.277673
367	1406.007440	0.261023
1021	3498.691698	0.291823
477	1489.455725	0.320251
1659	8811.235038	0.188282
2096	8521.688866	0.245961
3902	14046.607744	0.277789
2241	8443.941260	0.265397
3058	11384.783547	0.268604
2947	12865.063558	0.229070
2128	9791.126152	0.217340
732	2941.383207	0.248863
1186	3941.650179	0.300889
2179	8971.624738	0.242877
5408	20581.587446	0.262759
1328	4827.897212	0.275068
1443	6383.801244	0.226041
760	2611.018539	0.291074
6543	32171.276121	0.203380
2168	8382.228638	0.258642
4275	17468.210503	0.244730
1676	7144.811101	0.234576
3867	17446.190884	0.221653
1965	10051.912610	0.195485
3405	13553.816204	0.251221
7013	34545.244578	0.203009
2072	8735.244666	0.237200
1464	5584.135301	0.262171
3795	15824.529341	0.239818
1552	5752.586585	0.269792
3940	16980.678184	0.232028
2525	12819.681206	0.196963
2825	11749.879022	0.240428
2919	11409.047757	0.255850
1326	5520.951503	0.240176
2097	10199.667403	0.205595
3932	17541.897550	0.224149
552	1956.172670	0.282184
6456	29399.489245	0.219596
2455	10076.150311	0.243645
6497	26412.743286	0.245980
1216	5360.449641	0.226847
1429	5188.424575	0.275421
740	2361.439293	0.313368
1472	5230.156210	0.281445
1790	6330.178081	0.282772
5164	19273.420934	0.267934
162	573.397722	0.282526
4435	19355.177723	0.229138
613	2228.427388	0.275082
9465	38092.465079	0.248474
3161	12226.010510	0.258547
4562	22706.661432	0.200910
1163	4445.176223	0.261632
260	880.220582	0.295381
1049	4888.533339	0.214584
521	1869.878443	0.278628
3967	17518.587585	0.226445
4733	21090.509036	0.224414
4782	21430.669777	0.223138
3716	16008.614809	0.232125
6645	27357.946031	0.242891
367	1129.669876	0.324874
1351	4955.160900	0.272645
1040	3800.696962	0.273634
5651	27505.909509	0.205447
788	2813.955045	0.280033
953	4078.386593	0.233671
6463	31266.267082	0.206708
4106	17066.637834	0.240586
7113	31328.506363	0.227046
1802	7543.704661	0.238875
325	1151.511737	0.282238
1629	6764.665159	0.240810
5057	23234.299079	0.217652
1495	5223.905284	0.286184
6529	27764.745751	0.235154
1226	4279.494683	0.286482
1903	7340.262736	0.259255
484	1741.263998	0.277959
1543	5760.734954	0.267848
2025	8356.538180	0.242325
1725	6274.584697	0.274919
2873	11462.914558	0.250634
6859	27950.106807	0.245402
3332	12619.345191	0.264039
935	3614.745663	0.258663
466	1763.980794	0.264175
1014	3699.201582	0.274113
1130	4083.669852	0.276712
821	3197.174656	0.256789
2232	8824.825920	0.252923
4960	20161.622155	0.246012
1139	4196.614978	0.271409
1690	5991.484105	0.282067
6246	26445.928429	0.236180
2185	9238.305264	0.236515
2507	9605.586311	0.260994
3936	16649.600922	0.236402
983	3431.279571	0.286482
3609	14253.676352	0.253198
2049	7561.609752	0.270974
6178	25613.202649	0.241204
5722	21731.762531	0.263301
7151	28128.810765	0.254223
1233	5561.251593	0.221713
1862	7724.505924	0.241051
2095	8540.330872	0.245307
782	2936.986628	0.266259
3017	11853.336319	0.254527
1985	8370.710130	0.237136
4166	16929.242117	0.246083
5914	24859.003566	0.237902
554	2417.230301	0.229188
3596	21284.519452	0.168949
1382	4971.490631	0.277985
529	1980.417252	0.267115
1642	6151.732595	0.266917
514	1904.016593	0.269956
693	2492.032971	0.278086
794	2838.544903	0.279721
5922	22868.724882	0.258956
2185	8305.228499	0.263087
4007	19453.702048	0.205976
4828	21172.370394	0.228033
5273	20010.373254	0.263513
2289	9655.797745	0.237060
171	557.930518	0.306490
8765	33016.956039	0.265470
630	2316.656270	0.271944
4440	17506.365155	0.253622
396	1373.332454	0.288350
7853	30986.455869	0.253433
2502	9457.081597	0.264564
980	3940.985798	0.248669
7400	31257.986690	0.236739
542	1968.340014	0.275359
1616	6266.974155	0.257860
4260	16227.090889	0.262524
2594	9372.788768	0.276759
2433	10087.145795	0.241198
1340	5263.781124	0.254570
1326	5068.351128	0.261624
9222	37998.812929	0.242692
2604	10052.471656	0.259041
3883	17224.344893	0.225437
3929	15295.784895	0.256868
3515	13906.469172	0.252760
2110	9459.271065	0.223062
5202	21542.327748	0.241478
2693	11726.704977	0.229647
711	2465.311820	0.288402
669	2999.373904	0.223047
990	3528.691447	0.280557
362	1487.385625	0.243380
1912	7738.765312	0.247068
3985	14873.420844	0.267928
7839	34070.160072	0.230084
5495	21470.170257	0.255936
1404	5646.385578	0.248655
1523	5529.724971	0.275421
1212	4392.282901	0.275939
6377	24240.547922	0.263072
5504	21054.387659	0.261418
896	3339.939448	0.268268
4837	19793.202524	0.244377
909	3799.997604	0.239211
1038	3502.760682	0.296338
5357	22043.754226	0.243017
4310	16500.675517	0.261201
4217	17212.971413	0.244990
1872	6833.094331	0.273961
7707	29406.720947	0.262083
341	1072.928526	0.317822
1476	6734.351308	0.219175
1799	7866.610657	0.228688
1344	4824.384192	0.278585
5742	24800.995755	0.231523
6955	27827.306560	0.249934
3255	13923.533653	0.233777
3475	15199.009791	0.228633
1299	4993.709347	0.260127
1283	5329.258907	0.240746
531	2220.642153	0.239120
3094	12005.598130	0.257713
1766	6791.221611	0.260042
228	685.392965	0.332656
3335	13827.783394	0.241181
4723	22223.856839	0.212519
5056	20166.747811	0.250710
1901	8325.300678	0.228340
8934	38826.383499	0.230101
2853	11185.575710	0.255061
3413	12064.348329	0.282900
2310	9384.966135	0.246138
6871	28312.771335	0.242682
241	894.601914	0.269394
5459	20868.610816	0.261589
2916	12206.682659	0.238886
4336	18099.894634	0.239559
4837	19895.222253	0.243124
982	3874.149348	0.253475
1356	5158.800823	0.262852
1945	7523.171742	0.258535
5125	21262.131116	0.241039
2900	10891.651386	0.266259
6346	27049.122969	0.234610
165	743.066551	0.222053
169	559.163911	0.302237
5085	19955.447952	0.254818
9279	37718.046139	0.246010
792	3089.729965	0.256333
5049	20291.906333	0.248818
1663	6295.132680	0.264172
2945	10822.569052	0.272117
4775	19406.412010	0.246053
5175	21411.009093	0.241698
998	3744.397257	0.266532
5998	25118.576866	0.238787
429	1997.987361	0.214716
1937	7456.473570	0.259774
1057	3785.003168	0.279260
6864	28895.529152	0.237545
2983	13209.506343	0.225822
4921	21155.792957	0.232608
3213	13539.816324	0.237300
3944	17210.976384	0.229156
2231	7852.633557	0.284109
802	3705.161105	0.216455
4772	18775.283882	0.254164
2847	11867.457797	0.239900
822	3045.010874	0.269950
3204	14927.718486	0.214634
1163	4339.723446	0.267989
1414	6494.401136	0.217726
1875	7632.728902	0.245653
1275	4843.615418	0.263233
605	2320.030731	0.260772
3523	14022.069865	0.251247
3862	15508.923970	0.249018
1278	4534.465565	0.281841
4519	17016.247300	0.265570
6850	35221.523403	0.194483
9826	41581.848888	0.236305
289	1115.197703	0.259147
462	1555.646353	0.296983
244	760.161674	0.320984
620	2106.782451	0.294288
493	1602.416065	0.307660
3743	16006.290559	0.233846
748	2872.172992	0.260430
321	1186.534477	0.270536
1013	3506.295753	0.288909
1677	7262.304297	0.230918
5232	26327.253023	0.198729
3765	16760.454272	0.224636
1780	7375.228942	0.241348
4566	18441.326080	0.247596
1722	7663.712928	0.224695
1478	5501.406335	0.268659
5356	21286.923882	0.251610
727	2785.253788	0.261018
2343	8471.140175	0.276586
3521	16195.019130	0.217413
6533	25866.854624	0.252563
2076	7705.592300	0.269415
1126	4068.449757	0.276764
1289	4655.084943	0.276901
2040	7628.070690	0.267433
646	2563.349550	0.252014
2131	9537.778386	0.223427
1544	6024.696953	0.256278
3893	15330.176308	0.253944
982	3854.564318	0.254763
3199	15178.937253	0.210753
4899	21929.023622	0.223403
729	2838.166610	0.256856
7767	32890.207436	0.236149
6431	27748.235586	0.231762
5995	22586.615402	0.265423
4701	19919.450563	0.236000
519	1788.298339	0.290220
3541	14968.992750	0.236556
1503	5930.184916	0.253449
1538	6061.394152	0.253737
4990	19245.728827	0.259278
2740	10535.209222	0.260080
2582	9348.701181	0.276188
1053	4248.359905	0.247860
1317	5630.417261	0.233908
5240	20658.754983	0.253645
1652	6218.259379	0.265669
5513	27953.657679	0.197219
3899	15898.121825	0.245249
2211	8625.198139	0.256342
2627	11140.034823	0.235816
183	635.410138	0.288003
2400	10448.204854	0.229705
2157	9698.270172	0.222411
546	2010.618395	0.271558
4726	20232.248770	0.233587
2479	9505.745327	0.260790
1078	4549.537298	0.236947
607	2149.279580	0.282420
873	3270.819141	0.266906
5312	24550.338714	0.216372
255	970.385785	0.262782
1617	6759.143673	0.239231
2250	8391.978751	0.268113
1034	3624.843599	0.285254
603	2364.201623	0.255054
1516	5919.597283	0.256099
4833	19892.029127	0.242962
1217	6029.874782	0.201828
3743	14871.526262	0.251689
2339	10088.791693	0.231841
738	2579.553188	0.286096
1310	4903.856351	0.267137
256	936.927097	0.273234
705	2361.558816	0.298532
605	2423.885253	0.249599
5817	24485.309018	0.237571
3851	15249.548154	0.252532
3603	16531.723720	0.217945
5739	24230.776218	0.236848
3265	14126.135531	0.231132
1774	7238.136524	0.245091
4344	18193.899164	0.238761
7509	37082.952596	0.202492
4051	17720.084441	0.228611
2870	11046.673229	0.259807
4289	19288.529356	0.222360
572	2720.399748	0.210263
2298	10625.871359	0.216265
3017	11384.349522	0.265013
6387	28293.620714	0.225740
1563	5779.660056	0.270431
387	1355.737510	0.285453
1509	5263.318615	0.286701
5974	23276.731273	0.256651
375	1293.827322	0.289838
1898	7059.135992	0.268871
887	3499.942614	0.253433
2152	8608.481055	0.249986
874	2734.991454	0.319562
1887	7001.564311	0.269511
760	2909.885795	0.261179
4902	18222.139180	0.269013
2417	10574.353126	0.228572
4500	19409.544617	0.231845
878	3517.707649	0.249594
3173	11347.565282	0.279619
1929	8012.992644	0.240734
214	821.609757	0.260464
1762	6307.812309	0.279336
2273	8212.241689	0.276782
1596	6674.893404	0.239105
9239	39029.484752	0.236718
4614	16816.849510	0.274368
565	1895.184241	0.298124
964	3561.287515	0.270689
4047	18321.163822	0.220892
2235	8266.203018	0.270378
2772	9989.101186	0.277502
277	1194.173519	0.231960
1641	6286.948043	0.261017
1031	3762.529465	0.274018
2969	13536.588152	0.219331
2411	8284.154340	0.291038
2278	8494.278116	0.268181
733	2466.077269	0.297233
4413	16975.058267	0.259970
580	2219.877802	0.261276
5656	23385.317864	0.241861
4472	17896.622273	0.249880
1531	6607.368767	0.231711
714	3128.926029	0.228193
1062	4103.189740	0.258823
515	1688.331765	0.305035
894	3147.913801	0.283998
274	975.719451	0.280818
4526	23067.761909	0.196205
1870	7103.571211	0.263248
717	2804.575903	0.255654
949	3355.409109	0.282827
2691	11304.614967	0.238044
823	3800.910361	0.216527
5918	23517.034919	0.251647
2058	8460.536248	0.243247
718	2374.743295	0.302348
3013	11540.553029	0.261079
3528	14562.197459	0.242271
3502	14212.738076	0.246399
2135	7858.829863	0.271669
603	2288.360865	0.263507
2319	8526.619395	0.271972
580	2248.815374	0.257914
3234	13405.399787	0.241246
1025	5492.379737	0.186622
2362	10640.155334	0.221989
2254	8869.112430	0.254140
8288	40688.691802	0.203693
4324	18478.650994	0.234000
3916	15987.700086	0.244938
99	283.680678	0.348984
1881	6375.144587	0.295052
4057	16294.181286	0.248985
623	2149.271789	0.289866
2881	11831.297038	0.243507
1287	4583.969893	0.280761
4340	20433.691197	0.212394
212	844.041783	0.251172
606	2271.439375	0.266791
369	1213.482670	0.304083
5845	23831.444576	0.245264
4352	16933.761932	0.257001
356	1476.868311	0.241051
6639	26043.869901	0.254916
947	4253.926436	0.222618
1700	6282.471791	0.270594
1275	5026.143876	0.253674
7029	28459.974575	0.246978
1852	6945.812366	0.266635
3212	14132.681213	0.227275
3061	13150.701523	0.232763
1658	7341.217193	0.225848
3855	14527.444357	0.265360
2489	10510.068147	0.236821
1062	3786.511499	0.280469
651	2422.196383	0.268764
5497	22709.046649	0.242062
2826	12064.910464	0.234233
5961	23180.684339	0.257154
4342	18845.404509	0.230401
3559	14117.270885	0.252103
5933	22871.592021	0.259405
4612	18650.641606	0.247284
726	3363.682004	0.215835
2324	8317.703385	0.279404
4948	25302.826680	0.195551
8520	36903.032772	0.230875
2138	7959.270342	0.268618
3989	21072.705832	0.189297
6634	29548.310092	0.224514
1954	7585.603022	0.257593
1881	6638.945488	0.283328
1287	4785.628947	0.268930
1041	4430.019991	0.234988
1215	4325.922032	0.280865
1611	5879.910384	0.273984
2468	11363.853102	0.217180
3237	12114.626756	0.267198
4403	20778.781358	0.211899
7609	30797.369415	0.247067
2195	7937.022645	0.276552
648	2354.808599	0.275182
475	1614.835845	0.294148
4909	21498.869873	0.228338
840	2807.486262	0.299200
2198	8179.735114	0.268713
4056	18643.665124	0.217554
2729	10017.050590	0.272435
1038	4111.674067	0.252452
4327	16217.037650	0.266818
6235	28453.453533	0.219130
2044	10727.232564	0.190543
3519	14434.246212	0.243795
2979	12426.423382	0.239731
490	2227.937571	0.219934
4513	18247.811640	0.247317
3409	13232.402230	0.257625
5497	29191.158886	0.188310
2123	7907.856670	0.268467
3302	15769.338710	0.209394
4414	17162.789060	0.257184
766	2462.774681	0.311031
2669	10644.655028	0.250736
4618	21616.709923	0.213631
1031	3766.361948	0.273739
2492	9210.842161	0.270551
1940	7386.529669	0.262640
4089	17501.493824	0.233637
345	1357.864374	0.254075
1776	6551.046354	0.271102
366	1225.438460	0.298669
762	2887.802741	0.263868
517	1718.001645	0.300931
264	1023.796183	0.257864
3066	11986.207579	0.255794
5966	24445.245359	0.244056
3030	13556.096115	0.223516
1401	5709.301700	0.245389
635	2513.472281	0.252639
2394	9515.404369	0.251592
6801	28073.201762	0.242260
1429	5976.664065	0.239097
301	1002.486111	0.300254
3836	19269.875163	0.199067
6945	28061.269553	0.247494
5255	21838.105530	0.240634
1837	7401.874968	0.248180
599	2198.227030	0.272492
374	1389.432992	0.269175
1971	7879.783125	0.250134
6907	31014.785646	0.222700
1866	7230.451226	0.258075
4899	24178.807620	0.202615
1132	5103.420620	0.221812
1103	4913.551694	0.224481
438	1952.414428	0.224338
1187	4785.278504	0.248052
221	680.030659	0.324985
2471	9617.683980	0.256923
3457	14183.304889	0.243737
1506	5274.966214	0.285499
202	608.601590	0.331908
1512	6125.602615	0.246833
5563	21949.005412	0.253451
2190	9094.022621	0.240818
5867	23942.329841	0.245047
6603	30866.724333	0.213920
270	850.846448	0.317331
285	929.596185	0.306585
839	3308.568156	0.253584
414	1560.235599	0.265345
765	2840.315145	0.269336
3361	12874.773977	0.261053
3377	13815.266334	0.244440
3769	16598.132398	0.227074
327	1210.678918	0.270096
1279	4736.758693	0.270016
4105	19282.256411	0.212890
1577	6327.188954	0.249242
1868	7289.622127	0.256255
563	1902.631336	0.295906
2175	8139.988514	0.267199
1663	6372.983117	0.260945
419	1452.434228	0.288481
2598	10359.361717	0.250788
4130	17375.728696	0.237688
1586	5390.929461	0.294198
8987	35604.224594	0.252414
5231	20734.901844	0.252280
845	2994.801524	0.282156
640	2261.358135	0.283016
1734	6793.007933	0.255262
4026	19273.200704	0.208891
3997	15720.175487	0.254259
5772	24239.889386	0.238120
4697	18913.850835	0.248337
4450	18159.156160	0.245055
330	1129.915937	0.292057
7283	30325.214076	0.240163
6375	27994.485267	0.227723
1119	4517.399358	0.247709
3219	12172.503701	0.264448
237	754.372650	0.314168
202	620.792273	0.325391
3872	14985.259901	0.258387
6020	23526.440036	0.255882
4801	19500.220044	0.246202
4141	16382.119065	0.252776
4366	16017.731550	0.272573
299	1321.371118	0.226280
8555	37200.678969	0.229969
1688	5884.698461	0.286846
3036	12819.210900	0.236832
621	3583.109673	0.173313
1036	4595.291850	0.225448
239	737.826301	0.323924
3129	13459.558412	0.232474
7431	29831.324258	0.249101
2826	10666.013321	0.264954
840	3339.045766	0.251569
2754	11379.716270	0.242010
4290	18684.921982	0.229597
3741	15251.822899	0.245282
1713	6412.150141	0.267149
1184	5285.790771	0.223997
2472	10814.876062	0.228574
242	813.132173	0.297615
565	2109.775466	0.267801
6175	23336.228090	0.264610
4908	21428.741113	0.229038
2532	9085.469354	0.278687
812	3306.968665	0.245542
406	1156.738614	0.350987
1626	6328.189225	0.256946
1026	3485.173574	0.294390
1851	7491.958813	0.247065
6441	28283.404814	0.227731
5910	25280.553013	0.233777
9181	40921.260729	0.224358
1242	4451.618832	0.279000
790	2763.353876	0.285884
376	1354.792376	0.277533
3155	11959.670921	0.263803
629	2591.962939	0.242673
516	2067.752198	0.249546
6815	29082.424243	0.234334
698	2696.779716	0.258827
603	2071.964352	0.291028
415	1281.729601	0.323781
1374	5435.961499	0.252761
7037	31145.094174	0.225942
2883	11178.116857	0.257915
4065	16670.101929	0.243850
1354	5061.238040	0.267523
6996	31210.983856	0.224152
7368	31640.061458	0.232869
6170	27231.162252	0.226579
1079	3892.514141	0.277199
5672	23316.425155	0.243262
6663	27521.067487	0.242105
5028	18882.401237	0.266280
4304	19569.990490	0.219929
3297	12967.524388	0.254251
2709	9717.632107	0.278772
1361	5389.126306	0.252546
808	3195.742526	0.252836
266	1281.849261	0.207513
566	1942.775004	0.291336
3396	14446.015062	0.235082
4209	17742.662155	0.237225
676	2657.490637	0.254375
3963	15839.941527	0.250190
957	3251.730008	0.294305
5627	27953.329382	0.201300
3624	14559.329427	0.248913
1923	7223.463543	0.266216
518	1743.868527	0.297041
410	1507.572200	0.271960
4462	19094.829874	0.233676
950	4813.248218	0.197372
3349	12726.193816	0.263158
3143	13861.589366	0.226742
844	3893.967074	0.216746
2716	13553.993751	0.200384
4733	20025.549069	0.236348
3443	14460.628893	0.238095
321	1091.902708	0.293982
4987	24303.424854	0.205197
431	1741.761623	0.247451
1333	6025.223234	0.221237
1075	4113.814535	0.261315
692	2552.593244	0.271097
1707	5660.314021	0.301573
4862	22450.590470	0.216564
228	812.413035	0.280645
4280	17532.289927	0.244121
3374	12938.798496	0.260766
179	569.327865	0.314406
1659	6993.227137	0.237230
1925	7869.921676	0.244602
2400	9268.869952	0.258931
4319	19338.705808	0.223334
2659	10235.562909	0.259781
4808	18988.972880	0.253200
747	2700.721539	0.276593
2341	9503.560963	0.246329
2536	9979.719782	0.254115
368	1388.581975	0.265019
5213	22287.547954	0.233897
2718	10033.881670	0.270882
1530	5450.197010	0.280724
2544	11187.387547	0.227399
2843	10409.631618	0.273112
2325	10762.507799	0.216028
1348	5094.049362	0.264622
1404	5787.027602	0.242612
3226	14390.878113	0.224170
1741	5951.387300	0.292537
1030	3722.450792	0.276699
548	1823.889761	0.300457
376	1350.685998	0.278377
3244	13797.822293	0.235110
1365	5434.118767	0.251191
1665	6259.174120	0.266010
2945	12058.497640	0.244226
6710	29117.802870	0.230443
1064	4098.143327	0.259630
1740	6801.241148	0.255836
1059	5176.029278	0.204597
3355	12695.043740	0.264276
4736	21374.928008	0.221568
5849	21445.828643	0.272734
4504	20122.704016	0.223827
2823	11754.521621	0.240163
4083	16294.938461	0.250569
720	2786.294179	0.258408
1289	4702.887585	0.274087
1271	4859.022467	0.261575
7604	31761.443546	0.239410
1661	6258.643104	0.265393
1434	6292.622338	0.227886
2685	9977.286940	0.269111
2454	10784.488494	0.227549
7016	28349.989229	0.247478
1302	5555.268657	0.234372
336	1079.798007	0.311169
3475	16065.130782	0.216307
736	2791.020711	0.263703
2361	8538.194076	0.276522
1148	4066.346562	0.282317
1766	6825.493416	0.258736
1251	4857.108278	0.257561
3112	12658.925010	0.245834
2540	10315.801303	0.246224
859	3238.667014	0.265233
793	2890.094601	0.274385
1047	3352.538845	0.312301
1635	6720.757807	0.243276
6153	24114.826949	0.255154
2683	10575.985125	0.253688
2257	9789.777570	0.230547
5701	23161.203832	0.246144
3763	15157.304980	0.248263
2905	13298.366195	0.218448
2074	11826.306442	0.175372
1533	6726.500023	0.227905
428	1677.627133	0.255122
4378	19780.879539	0.221325
1045	3507.065644	0.297970
1473	5729.154524	0.257106
736	2524.293346	0.291567
5785	23082.102679	0.250627
8101	34877.105097	0.232273
2320	8882.337826	0.261192
78	253.941615	0.307157
341	1252.139439	0.272334
1968	6966.344880	0.282501
3534	12901.963536	0.273912
4972	20621.447217	0.241108
2836	12352.939604	0.229581
7460	33618.204854	0.221904
1481	5594.215590	0.264738
560	2106.490553	0.265845
1864	7632.297284	0.244225
5056	21464.566547	0.235551
4909	20292.768430	0.241909
142	476.810142	0.297812
5109	19642.137739	0.260104
5793	24157.237994	0.239804
3355	13809.570893	0.242947
927	3670.715129	0.252539
348	1203.912913	0.289057
8086	35416.138726	0.228314
2632	11075.405958	0.237644
1686	9498.565597	0.177500
294	1029.330121	0.285623
356	1265.532282	0.281305
308	1000.551718	0.307830
5990	24798.837001	0.241544
5339	22326.425652	0.239134
1126	4380.299161	0.257060
5178	21524.015153	0.240568
4360	20310.060496	0.214672
2436	9281.872921	0.262447
304	1083.450721	0.280585
1118	4362.420349	0.256280
5872	23716.220475	0.247594
5457	22135.226018	0.246530
2052	9027.065513	0.227316
2307	8269.492171	0.278977
692	2486.396375	0.278314
3125	11465.949541	0.272546
2942	11705.000416	0.251346
7413	29624.133853	0.250235
311	1057.385106	0.294122
3376	12879.160632	0.262129
775	2705.797910	0.286422
922	3244.365312	0.284185
4649	22626.588210	0.205466
2733	11037.944344	0.247600
4421	21434.478166	0.206256
746	2896.364409	0.257564
482	1572.969319	0.306427
960	3825.341528	0.250958
3526	14904.596744	0.236571
880	3539.925796	0.248593
1997	7777.848504	0.256755
1052	3800.371232	0.276815
2086	7956.009199	0.262192
6509	27898.320658	0.233312
3080	10998.715780	0.280033
1733	7177.259905	0.241457
644	2179.583608	0.295469
5488	22809.968207	0.240597
2835	11001.785823	0.257685
4128	20585.915567	0.200525
630	2164.140371	0.291109
1930	8281.742899	0.233043
2426	8782.607407	0.276228
4059	20045.013569	0.202494
2411	9221.582702	0.261452
3062	11221.070816	0.272879
5706	22181.997253	0.257236
216	834.843311	0.258731
1791	7501.358903	0.238757
2478	9846.051742	0.251674
3468	14235.042206	0.243624
3094	15192.282727	0.203656
4226	16459.800791	0.256747
1612	6421.952876	0.251014
4501	18587.352933	0.242154
969	3923.410535	0.246979
2745	12151.642883	0.225895
4457	19584.739580	0.227575
4904	23106.491582	0.212235
1813	7321.048926	0.247642
4091	16258.876522	0.251616
4051	18124.641378	0.223508
8226	34432.224217	0.238904
2191	7625.832837	0.287313
3027	11112.401839	0.272398
100	305.019379	0.327848
1203	4275.736363	0.281355
1306	4744.375450	0.275273
1216	4814.337109	0.252579
150	449.958302	0.333364
836	2828.359352	0.295578
7844	33983.616111	0.230817
1135	4939.919605	0.229761
364	1453.645952	0.250405
4821	19410.479965	0.248371
1069	4158.047250	0.257092
2647	11433.817882	0.231506
3044	13635.501303	0.223241
671	2757.315754	0.243353
1280	4447.157410	0.287824
4437	17016.324888	0.260750
992	3692.082473	0.268683
5105	21505.078286	0.237386
5654	23962.793399	0.235949
428	1409.092960	0.303741
2411	10441.518620	0.230905
4005	18606.485197	0.215248
4801	19467.242545	0.246619
1792	8642.935349	0.207337
535	1901.261240	0.281392
843	2957.256211	0.285062
1885	7673.880819	0.245638
3992	16478.293070	0.242258
595	2040.988707	0.291525
317	1065.102813	0.297624
846	2923.359052	0.289393
1128	4277.618995	0.263698
322	1151.070432	0.279740
7216	28836.444608	0.250239
711	2499.571286	0.284449
4490	22696.463920	0.197828
2077	7804.448861	0.266130
318	1038.935518	0.306083
2996	10966.695309	0.273191
5236	22023.263611	0.237749
4112	17030.109332	0.241455
2963	13001.869333	0.227890
531	1657.886802	0.320287
144	490.000515	0.293877
2795	11254.633425	0.248342
3817	15980.499054	0.238854
1202	4957.168487	0.242477
1190	4325.731866	0.275098
1871	9038.807460	0.206996
2224	8979.195850	0.247684
1877	7323.600240	0.256295
710	2904.080501	0.244484
5392	23473.969381	0.229701
1028	3957.946335	0.259731
1253	5262.008414	0.238122
928	3427.615111	0.270742
3473	14193.003251	0.244698
358	1191.975640	0.300342
326	1018.893411	0.319955
2888	15762.681996	0.183218
1846	7080.825682	0.260704
174	738.482050	0.235618
2236	9385.588499	0.238238
2196	8063.327727	0.272344
7958	35945.323121	0.221392
4064	15249.653106	0.266498
604	2261.750855	0.267050
1608	5824.044301	0.276097
4116	19041.045869	0.216165
8176	33868.545667	0.241404
2796	9973.961578	0.280330
1117	3815.292569	0.292769
633	1996.319850	0.317083
867	2826.687144	0.306719
3608	14853.648555	0.242903
837	2937.616046	0.284925
5746	29910.996512	0.192103
4146	19616.194534	0.211356
3012	11378.098639	0.264719
1948	7644.687731	0.254817
5447	24691.578348	0.220602
1545	5789.121007	0.266880
7175	31592.418827	0.227111
2412	11166.569796	0.216002
3497	16210.111290	0.215730
3990	15651.484200	0.254928
538	2190.138239	0.245647
2492	9941.958314	0.250655
4413	18447.626803	0.239218
433	1456.741563	0.297239
168	613.281821	0.273936
3502	15943.477247	0.219651
532	1833.760558	0.290114
2997	11865.064752	0.252590
101	301.442908	0.335055
2066	7274.423623	0.284009
1502	6551.394606	0.229264
824	2957.608344	0.278603
4845	21793.514578	0.222314
643	2227.278796	0.288693
2893	11180.633500	0.258751
573	1958.431186	0.292581
1421	5794.386102	0.245237
3601	15971.402795	0.225465
1624	6552.429077	0.247847
3799	15834.225376	0.239923
3167	13434.845214	0.235730
1554	6272.105600	0.247764
2663	11106.027083	0.239780
4918	20143.097973	0.244153
2242	8866.359006	0.252866
2227	8852.109273	0.251578
5807	24505.653530	0.236966
3477	14580.983687	0.238461
2138	8505.347204	0.251371
1566	6586.032700	0.237776
1985	7555.613979	0.262719
2520	11148.251172	0.226044
891	3287.607739	0.271018
7216	31632.561659	0.228119
7568	32456.091147	0.233177
3676	15774.214725	0.233039
595	2199.476881	0.270519
2035	8157.307934	0.249470
4457	18526.161804	0.240579
752	2791.125945	0.269425
1790	7370.549287	0.242858
745	2414.979156	0.308491
6693	26811.567954	0.249631
477	1936.033757	0.246380
2792	13734.157157	0.203289
1903	6908.991628	0.275438
3035	12992.106943	0.233603
913	3495.356642	0.261204
2461	10658.348820	0.230899
5413	21465.135371	0.252176
700	2609.659591	0.268234
419	1322.167607	0.316904
1126	3889.868831	0.289470
1498	5421.692883	0.276297
5144	20967.305601	0.245334
9374	35111.885248	0.266975
2469	8709.086772	0.283497
6342	24193.731541	0.262134
2024	7117.310633	0.284377
1495	6531.133146	0.228904
1748	6246.869213	0.279820
885	3153.699422	0.280623
295	974.028086	0.302866
2355	10199.978976	0.230883
4348	23399.480118	0.185816
1044	3907.982574	0.267146
7357	30907.589382	0.238032
5238	27106.256013	0.193240
5255	23928.862607	0.219609
681	2440.879941	0.278998
2053	8194.475646	0.250535
1623	6981.326952	0.232477
4408	16508.763828	0.267010
1804	6306.701015	0.286045
7264	31374.254602	0.231527
2636	11600.816534	0.227225
1452	5646.097669	0.257169
1240	6001.352714	0.206620
5155	20513.234782	0.251301
1272	5294.166799	0.240264
2162	7824.251026	0.276320
894	2998.946383	0.298105
4239	16367.915913	0.258982
6507	26941.031905	0.241527
2987	11968.677928	0.249568
2643	10544.945558	0.250641
4564	17553.494219	0.260005
3950	17649.076072	0.223808
5382	20611.076308	0.261122
8390	42130.062120	0.199145
1114	4530.653475	0.245881
4434	16568.748021	0.267612
4133	17716.650140	0.233283
1056	3955.176119	0.266992
3600	13916.383465	0.258688
5049	23293.619735	0.216755
2501	9723.496602	0.257212
1089	4503.938136	0.241788
875	3445.383321	0.253963
6476	25037.823069	0.258649
1618	5900.052158	0.274235
4351	16482.402892	0.263979
2141	7510.434187	0.285070
251	877.845187	0.285927
1780	6774.109620	0.262765
305	1007.337030	0.302779
703	3029.650163	0.232040
4882	19225.534039	0.253933
1039	4087.437537	0.254193
3728	14682.342930	0.253910
799	3236.604634	0.246864
2822	12317.670675	0.229102
2131	9041.439714	0.235693
6268	27803.825709	0.225437
2166	8497.687692	0.254893
1854	6880.548815	0.269455
4598	18791.544100	0.244685
775	3495.460099	0.221716
7686	33113.720164	0.232109
1772	7364.512267	0.240613
3118	12608.006671	0.247303
5371	28749.933517	0.186818
3303	15720.578605	0.210107
1053	4212.557386	0.249967
452	1627.241133	0.277771
3024	12875.304139	0.234868
3328	15848.915579	0.209983
54	170.418702	0.316867
2112	10065.307936	0.209830
4070	15669.549827	0.259739
3031	12145.554664	0.249556
4927	20169.259628	0.244283
4722	17912.058066	0.263621
2255	8094.229259	0.278594
7931	30206.287394	0.262561
805	2904.796384	0.277128
8621	38512.123026	0.223852
5351	22148.856057	0.241593
395	1498.260201	0.263639
3142	14205.987996	0.221174
983	3805.810983	0.258289
3492	16597.253389	0.210396
1914	7683.270917	0.249113
5437	21690.535378	0.250662
8271	34927.942778	0.236802
6063	23593.635751	0.256976
3182	16435.035700	0.193611
3036	13417.150494	0.226278
5187	23482.871316	0.220884
4140	15539.074670	0.266425
794	2646.752841	0.299990
1280	4353.543161	0.294013
3864	16485.073249	0.234394
1454	5484.071825	0.265131
1539	6130.048825	0.251058
684	2310.526901	0.296036
3987	18134.160428	0.219861
4287	18893.299098	0.226906
3249	15261.469548	0.212889
9216	36856.417633	0.250051
3139	12548.180888	0.250156
1696	7027.398072	0.241341
5408	21999.326814	0.245826
533	1880.223575	0.283477
1729	6494.146505	0.266240
2399	10724.037255	0.223703
1587	5528.596805	0.287053
2479	10079.478273	0.245945
242	974.019022	0.248455
1369	5620.346128	0.243579
2191	9105.578825	0.240622
5210	22391.797911	0.232674
3155	13730.349316	0.229783
3233	12393.077770	0.260871
