1 253
2 253
3 253
4 253
5 253
6 253.001
7 253.001
8 253.001
9 253.001
10 253.001
20 253.002
30 253.003
40 253.004
50 253.004
60 253.005
70 253.006
80 253.007
90 253.008
100 253.009
200 253.018
300 253.027
400 253.036
500 253.045
600 253.054
700 253.063
800 253.072
900 253.081
1000 253.09
2000 253.179
3000 253.269
4000 253.359
5000 253.448
6000 253.538
7000 253.628
8000 253.717
9000 253.807
10000 253.896
20000 254.793
30000 255.689
40000 256.586
50000 257.482
60000 258.379
70000 259.275
80000 260.172
90000 261.068
100000 261.965
200000 270.929
300000 279.894
400000 288.858
500000 297.823
600000 306.787
700000 315.752
800000 324.716
900000 333.681
1000000 342.645
2000000 432.291
3000000 521.936
4000000 611.582
5000000 701.227
6000000 790.872
7000000 880.518
8000000 970.163
9000000 1059.81
10000000 1149.45
20000000 2045.91
30000000 2942.36
40000000 3838.82
50000000 4735.27
60000000 5631.72
70000000 6528.18
80000000 7424.63
90000000 8321.08
100000000 9217.54
200000000 18182.1
300000000 27146.6
400000000 36111.2
500000000 45075.7
600000000 54040.2
700000000 63004.8
800000000 71969.3
900000000 80933.8
1000000000 89898.4
2000000000 179544
3000000000 269189
4000000000 358835
5000000000 448480
6000000000 538125
7000000000 627771
8000000000 717416
9000000000 807061
